6150056 69106
69106 6150056
6150056 176261
176261 6150056
6150056 512506
512506 6150056
6150056 585679
585679 6150056
6150056 1132444
1132444 6150056
6150056 1250043
1250043 6150056
6150056 1467864
1467864 6150056
6150056 1649818
1649818 6150056
6150056 1917126
1917126 6150056
6150056 2176321
2176321 6150056
6150056 2327858
2327858 6150056
6150056 2377755
2377755 6150056
6150056 2463366
2463366 6150056
6150056 2518509
2518509 6150056
6150056 2679291
2679291 6150056
6150056 2767519
2767519 6150056
6150056 2858861
2858861 6150056
6150056 2919410
2919410 6150056
6150056 2984314
2984314 6150056
6150056 2991598
2991598 6150056
6150056 3191713
3191713 6150056
6150056 3211843
3211843 6150056
6150056 3244371
3244371 6150056
6150056 3323154
3323154 6150056
6150056 3366368
3366368 6150056
6150056 3384922
3384922 6150056
6150056 3423623
3423623 6150056
6150056 3476993
3476993 6150056
6150056 3492971
3492971 6150056
6150056 3639243
3639243 6150056
6150056 3758126
3758126 6150056
6150056 3897494
3897494 6150056
6150056 3910812
3910812 6150056
6150056 4086976
4086976 6150056
6150056 4248177
4248177 6150056
6150056 4306985
4306985 6150056
6150056 4335985
4335985 6150056
6150056 4352712
4352712 6150056
6150056 4387902
4387902 6150056
6150056 4493455
4493455 6150056
6150056 4502083
4502083 6150056
6150056 4551790
4551790 6150056
6150056 4589612
4589612 6150056
6150056 4600265
4600265 6150056
6150056 4685365
4685365 6150056
6150056 5230876
5230876 6150056
6150056 5245229
5245229 6150056
6150056 5270623
5270623 6150056
6150056 5322717
5322717 6150056
6150056 5837499
5837499 6150056
6150056 5838697
5838697 6150056
6150056 6211631
6211631 6150056
6150056 6865172
6865172 6150056
6150056 6883499
6883499 6150056
6150056 7040628
7040628 6150056
6150056 7304480
7304480 6150056
6150056 7669906
7669906 6150056
6150056 7928444
7928444 6150056
6150056 8009747
8009747 6150056
6150056 8077718
8077718 6150056
6150056 8417704
8417704 6150056
6150056 8522506
8522506 6150056
6150056 8933840
8933840 6150056
6150056 8940111
8940111 6150056
6150056 9191716
9191716 6150056
6150056 9195719
9195719 6150056
6150056 9396727
9396727 6150056
6150056 9834870
9834870 6150056
6150056 9840032
9840032 6150056
6150056 9883640
9883640 6150056
6150056 9939766
9939766 6150056
6150056 10551699
10551699 6150056
6150056 10883140
10883140 6150056
6150056 12206346
12206346 6150056
6150056 13542122
13542122 6150056
6150056 13972649
13972649 6150056
6150056 15104874
15104874 6150056
6150056 16082819
16082819 6150056
6150056 16439183
16439183 6150056
6150056 17025914
17025914 6150056
6150056 19615569
19615569 6150056
6150056 22528482
22528482 6150056
6150056 31059631
31059631 6150056
6150056 32715116
32715116 6150056
6150056 32744916
32744916 6150056
6150056 33143478
33143478 6150056
6150056 34647639
34647639 6150056
6150056 34814255
34814255 6150056
6150056 43876831
43876831 6150056
6150056 47380213
47380213 6150056
6150056 49215431
49215431 6150056
6150056 51214785
51214785 6150056
6150056 56064542
56064542 6150056
6150056 58345046
58345046 6150056
6150056 59907399
59907399 6150056
6150056 62555536
62555536 6150056
6150056 63952422
63952422 6150056
6150056 71403370
71403370 6150056
6150056 72444846
72444846 6150056
6150056 77808420
77808420 6150056
6150056 96246238
96246238 6150056
6150056 98024631
98024631 6150056
6150056 116022110
116022110 6150056
6150056 120697452
120697452 6150056
6150056 137687898
137687898 6150056
6150056 143203882
143203882 6150056
6150056 145490695
145490695 6150056
6150056 151860194
151860194 6150056
6150056 157035033
157035033 6150056
6150056 164360560
164360560 6150056
6150056 202441881
202441881 6150056
6150056 272937447
272937447 6150056
69106 466648
466648 69106
69106 1661032
1661032 69106
69106 6150056
6150056 69106
69106 8048084
8048084 69106
69106 8522506
8522506 69106
69106 12408285
12408285 69106
69106 18602194
18602194 69106
69106 20673491
20673491 69106
69106 52984013
52984013 69106
466648 17454
17454 466648
466648 23888
23888 466648
466648 32349
32349 466648
466648 36619
36619 466648
466648 38562
38562 466648
466648 49292
49292 466648
466648 51091
51091 466648
466648 51492
51492 466648
466648 69106
69106 466648
466648 72134
72134 466648
466648 73387
73387 466648
466648 138867
138867 466648
466648 145003
145003 466648
466648 152017
152017 466648
466648 152642
152642 466648
466648 161877
161877 466648
466648 170277
170277 466648
466648 171132
171132 466648
466648 197873
197873 466648
466648 201099
201099 466648
466648 203231
203231 466648
466648 207578
207578 466648
466648 219619
219619 466648
466648 221836
221836 466648
466648 239533
239533 466648
466648 253520
253520 466648
466648 261130
261130 466648
466648 262153
262153 466648
466648 263067
263067 466648
466648 267672
267672 466648
466648 298930
298930 466648
466648 299410
299410 466648
466648 319779
319779 466648
466648 325283
325283 466648
466648 332073
332073 466648
466648 358269
358269 466648
466648 376033
376033 466648
466648 378449
378449 466648
466648 387328
387328 466648
466648 391838
391838 466648
466648 392899
392899 466648
466648 405435
405435 466648
466648 423262
423262 466648
466648 425181
425181 466648
466648 433700
433700 466648
466648 434118
434118 466648
466648 460732
460732 466648
466648 465940
465940 466648
466648 476456
476456 466648
466648 479565
479565 466648
466648 482548
482548 466648
466648 482887
482887 466648
466648 499706
499706 466648
466648 516994
516994 466648
466648 540432
540432 466648
466648 542930
542930 466648
466648 550626
550626 466648
466648 553484
553484 466648
466648 558043
558043 466648
466648 559942
559942 466648
466648 582784
582784 466648
466648 601229
601229 466648
466648 602023
602023 466648
466648 608434
608434 466648
466648 615575
615575 466648
466648 628498
628498 466648
466648 630416
630416 466648
466648 636047
636047 466648
466648 657878
657878 466648
466648 682032
682032 466648
466648 686806
686806 466648
466648 687460
687460 466648
466648 690184
690184 466648
466648 693584
693584 466648
466648 697078
697078 466648
466648 717507
717507 466648
466648 722006
722006 466648
466648 754689
754689 466648
466648 763235
763235 466648
466648 811624
811624 466648
466648 822576
822576 466648
466648 836001
836001 466648
466648 844343
844343 466648
466648 853271
853271 466648
466648 867905
867905 466648
466648 888492
888492 466648
466648 918591
918591 466648
466648 982111
982111 466648
466648 994132
994132 466648
466648 1006049
1006049 466648
466648 1038140
1038140 466648
466648 1060670
1060670 466648
466648 1091322
1091322 466648
466648 1101264
1101264 466648
466648 1114206
1114206 466648
466648 1140680
1140680 466648
466648 1173877
1173877 466648
466648 1184158
1184158 466648
466648 1229691
1229691 466648
466648 1295275
1295275 466648
466648 1299260
1299260 466648
466648 1311594
1311594 466648
466648 1337453
1337453 466648
466648 1346168
1346168 466648
466648 1366586
1366586 466648
466648 1378992
1378992 466648
466648 1381106
1381106 466648
466648 1393321
1393321 466648
466648 1417401
1417401 466648
466648 1474643
1474643 466648
466648 1486759
1486759 466648
466648 1569966
1569966 466648
466648 1625143
1625143 466648
466648 1629207
1629207 466648
466648 1804260
1804260 466648
466648 1867001
1867001 466648
466648 1874779
1874779 466648
466648 1930854
1930854 466648
466648 1944271
1944271 466648
466648 1948322
1948322 466648
466648 2036562
2036562 466648
466648 2114556
2114556 466648
466648 2234854
2234854 466648
466648 2309483
2309483 466648
466648 2346626
2346626 466648
466648 2437291
2437291 466648
466648 2476035
2476035 466648
466648 2660418
2660418 466648
466648 2678741
2678741 466648
466648 2694240
2694240 466648
466648 2717942
2717942 466648
466648 2723084
2723084 466648
466648 2748743
2748743 466648
466648 3013370
3013370 466648
466648 3067809
3067809 466648
466648 3433520
3433520 466648
466648 3498860
3498860 466648
466648 3646561
3646561 466648
466648 3890428
3890428 466648
466648 3975315
3975315 466648
466648 3979698
3979698 466648
466648 4367473
4367473 466648
466648 4446530
4446530 466648
466648 4519338
4519338 466648
466648 4583678
4583678 466648
466648 5076671
5076671 466648
466648 5426011
5426011 466648
466648 5562476
5562476 466648
466648 5710478
5710478 466648
466648 6608860
6608860 466648
466648 8685822
8685822 466648
466648 9766810
9766810 466648
466648 10609370
10609370 466648
466648 11407014
11407014 466648
466648 11524813
11524813 466648
466648 11726288
11726288 466648
466648 11752068
11752068 466648
466648 12033253
12033253 466648
466648 12406476
12406476 466648
466648 13037981
13037981 466648
466648 13747626
13747626 466648
466648 14186749
14186749 466648
466648 15371653
15371653 466648
466648 16515106
16515106 466648
466648 16741034
16741034 466648
466648 17108799
17108799 466648
466648 17560760
17560760 466648
466648 18194454
18194454 466648
466648 18550427
18550427 466648
466648 19374398
19374398 466648
466648 20015684
20015684 466648
466648 21243166
21243166 466648
466648 21420990
21420990 466648
466648 21634506
21634506 466648
466648 23441379
23441379 466648
466648 23735059
23735059 466648
466648 24816534
24816534 466648
466648 29091406
29091406 466648
466648 30723097
30723097 466648
466648 33687969
33687969 466648
466648 34172332
34172332 466648
466648 35949609
35949609 466648
466648 38747633
38747633 466648
466648 40847603
40847603 466648
466648 45313162
45313162 466648
466648 45318956
45318956 466648
466648 54221291
54221291 466648
466648 54324392
54324392 466648
466648 55437818
55437818 466648
466648 57834579
57834579 466648
466648 58278285
58278285 466648
466648 68521533
68521533 466648
466648 69485888
69485888 466648
466648 79181537
79181537 466648
466648 83291254
83291254 466648
466648 90251685
90251685 466648
466648 96406508
96406508 466648
466648 134501701
134501701 466648
466648 150844277
150844277 466648
466648 153035692
153035692 466648
466648 153262076
153262076 466648
466648 153806536
153806536 466648
466648 155744419
155744419 466648
466648 162229486
162229486 466648
466648 182700582
182700582 466648
466648 191837706
191837706 466648
466648 224371743
224371743 466648
466648 254680010
254680010 466648
466648 260210196
260210196 466648
18602194 69106
69106 18602194
18602194 142847
142847 18602194
18602194 724331
724331 18602194
18602194 742431
742431 18602194
18602194 743440
743440 18602194
18602194 821388
821388 18602194
18602194 1499161
1499161 18602194
18602194 2415751
2415751 18602194
18602194 2437212
2437212 18602194
18602194 2476685
2476685 18602194
18602194 2584936
2584936 18602194
18602194 2690771
2690771 18602194
18602194 3162731
3162731 18602194
18602194 3243640
3243640 18602194
18602194 3285293
3285293 18602194
18602194 3370764
3370764 18602194
18602194 4325711
4325711 18602194
18602194 4367985
4367985 18602194
18602194 4484761
4484761 18602194
18602194 4484816
4484816 18602194
18602194 4650795
4650795 18602194
18602194 4817777
4817777 18602194
18602194 4935478
4935478 18602194
18602194 4948881
4948881 18602194
18602194 5011584
5011584 18602194
18602194 5371332
5371332 18602194
18602194 5607909
5607909 18602194
18602194 5859096
5859096 18602194
18602194 5872982
5872982 18602194
18602194 5957570
5957570 18602194
18602194 6015261
6015261 18602194
18602194 6021592
6021592 18602194
18602194 6223425
6223425 18602194
18602194 6314194
6314194 18602194
18602194 6319651
6319651 18602194
18602194 6551297
6551297 18602194
18602194 6742695
6742695 18602194
18602194 7088273
7088273 18602194
18602194 7095680
7095680 18602194
18602194 7118537
7118537 18602194
18602194 7517937
7517937 18602194
18602194 8040443
8040443 18602194
18602194 8308917
8308917 18602194
18602194 8423314
8423314 18602194
18602194 8575514
8575514 18602194
18602194 8715217
8715217 18602194
18602194 9008123
9008123 18602194
18602194 9163668
9163668 18602194
18602194 9181984
9181984 18602194
18602194 9236409
9236409 18602194
18602194 9826683
9826683 18602194
18602194 10875703
10875703 18602194
18602194 10974767
10974767 18602194
18602194 11041619
11041619 18602194
18602194 11204744
11204744 18602194
18602194 11329604
11329604 18602194
18602194 11662560
11662560 18602194
18602194 11822089
11822089 18602194
18602194 12146530
12146530 18602194
18602194 12609856
12609856 18602194
18602194 12769236
12769236 18602194
18602194 12792742
12792742 18602194
18602194 13620482
13620482 18602194
18602194 15119781
15119781 18602194
18602194 15323547
15323547 18602194
18602194 15804265
15804265 18602194
18602194 15826704
15826704 18602194
18602194 16068831
16068831 18602194
18602194 16459386
16459386 18602194
18602194 16534087
16534087 18602194
18602194 16792242
16792242 18602194
18602194 17044952
17044952 18602194
18602194 17509738
17509738 18602194
18602194 18046887
18046887 18602194
18602194 18245170
18245170 18602194
18602194 18290774
18290774 18602194
18602194 18751562
18751562 18602194
18602194 20229287
20229287 18602194
18602194 20824790
20824790 18602194
18602194 21113689
21113689 18602194
18602194 21287739
21287739 18602194
18602194 21516301
21516301 18602194
18602194 22071096
22071096 18602194
18602194 22333323
22333323 18602194
18602194 24094483
24094483 18602194
18602194 25213742
25213742 18602194
18602194 27842653
27842653 18602194
18602194 28501512
28501512 18602194
18602194 29387271
29387271 18602194
18602194 29433423
29433423 18602194
18602194 30552286
30552286 18602194
18602194 31573018
31573018 18602194
18602194 33382095
33382095 18602194
18602194 33578693
33578693 18602194
18602194 33608323
33608323 18602194
18602194 33758873
33758873 18602194
18602194 33914661
33914661 18602194
18602194 35390967
35390967 18602194
18602194 35597290
35597290 18602194
18602194 35957093
35957093 18602194
18602194 36227557
36227557 18602194
18602194 37172013
37172013 18602194
18602194 37810192
37810192 18602194
18602194 37899280
37899280 18602194
18602194 39229703
39229703 18602194
18602194 39574397
39574397 18602194
18602194 39861079
39861079 18602194
18602194 39953557
39953557 18602194
18602194 40165312
40165312 18602194
18602194 40428474
40428474 18602194
18602194 41298345
41298345 18602194
18602194 41353514
41353514 18602194
18602194 41682148
41682148 18602194
18602194 41718138
41718138 18602194
18602194 42342777
42342777 18602194
18602194 44322956
44322956 18602194
18602194 45361137
45361137 18602194
18602194 45417684
45417684 18602194
18602194 47805375
47805375 18602194
18602194 49828278
49828278 18602194
18602194 50355124
50355124 18602194
18602194 50692893
50692893 18602194
18602194 52355209
52355209 18602194
18602194 53225586
53225586 18602194
18602194 53502299
53502299 18602194
18602194 53823532
53823532 18602194
18602194 54277329
54277329 18602194
18602194 55874151
55874151 18602194
18602194 57846746
57846746 18602194
18602194 58151590
58151590 18602194
18602194 58273831
58273831 18602194
18602194 58479671
58479671 18602194
18602194 59493502
59493502 18602194
18602194 60695299
60695299 18602194
18602194 61388372
61388372 18602194
18602194 62035398
62035398 18602194
18602194 63622253
63622253 18602194
18602194 63640534
63640534 18602194
18602194 63957629
63957629 18602194
18602194 65422428
65422428 18602194
18602194 65437610
65437610 18602194
18602194 65461347
65461347 18602194
18602194 66737133
66737133 18602194
18602194 66913795
66913795 18602194
18602194 68101006
68101006 18602194
18602194 68962033
68962033 18602194
18602194 68966605
68966605 18602194
18602194 72568051
72568051 18602194
18602194 73581927
73581927 18602194
18602194 76059529
76059529 18602194
18602194 77246475
77246475 18602194
18602194 78981070
78981070 18602194
18602194 82244328
82244328 18602194
18602194 83594684
83594684 18602194
18602194 86911245
86911245 18602194
18602194 89474806
89474806 18602194
18602194 89907632
89907632 18602194
18602194 90864017
90864017 18602194
18602194 92680182
92680182 18602194
18602194 92949398
92949398 18602194
18602194 94563357
94563357 18602194
18602194 94854824
94854824 18602194
18602194 103934911
103934911 18602194
18602194 105862405
105862405 18602194
18602194 107639481
107639481 18602194
18602194 107827975
107827975 18602194
18602194 108472924
108472924 18602194
18602194 112494560
112494560 18602194
18602194 133180904
133180904 18602194
18602194 135399765
135399765 18602194
18602194 136377548
136377548 18602194
18602194 137647528
137647528 18602194
18602194 138492286
138492286 18602194
18602194 138573177
138573177 18602194
18602194 143313551
143313551 18602194
18602194 144015417
144015417 18602194
18602194 144670340
144670340 18602194
18602194 147403653
147403653 18602194
18602194 149092538
149092538 18602194
18602194 150308461
150308461 18602194
18602194 151362469
151362469 18602194
18602194 151618762
151618762 18602194
18602194 152294518
152294518 18602194
18602194 154698645
154698645 18602194
18602194 155819994
155819994 18602194
18602194 156057169
156057169 18602194
18602194 156263195
156263195 18602194
18602194 161383559
161383559 18602194
18602194 164876959
164876959 18602194
18602194 168188019
168188019 18602194
18602194 170278986
170278986 18602194
18602194 171663445
171663445 18602194
18602194 172494142
172494142 18602194
18602194 173053897
173053897 18602194
18602194 173324590
173324590 18602194
18602194 176921970
176921970 18602194
18602194 179027411
179027411 18602194
18602194 182114896
182114896 18602194
18602194 184598310
184598310 18602194
18602194 185819194
185819194 18602194
18602194 185902969
185902969 18602194
18602194 186724794
186724794 18602194
18602194 186969151
186969151 18602194
18602194 187251959
187251959 18602194
18602194 190439237
190439237 18602194
18602194 190461397
190461397 18602194
18602194 191423281
191423281 18602194
18602194 192447680
192447680 18602194
18602194 193135533
193135533 18602194
18602194 197861240
197861240 18602194
18602194 199360036
199360036 18602194
18602194 200063787
200063787 18602194
18602194 200411842
200411842 18602194
18602194 201594502
201594502 18602194
18602194 203006186
203006186 18602194
18602194 205145512
205145512 18602194
18602194 205338786
205338786 18602194
18602194 206842206
206842206 18602194
18602194 207455111
207455111 18602194
18602194 207467197
207467197 18602194
18602194 209230698
209230698 18602194
18602194 213985638
213985638 18602194
18602194 220485305
220485305 18602194
18602194 220923054
220923054 18602194
18602194 222130034
222130034 18602194
18602194 222703770
222703770 18602194
18602194 226824400
226824400 18602194
18602194 228950706
228950706 18602194
18602194 229095631
229095631 18602194
18602194 234611116
234611116 18602194
18602194 236057441
236057441 18602194
18602194 238206936
238206936 18602194
18602194 238946107
238946107 18602194
18602194 244615320
244615320 18602194
18602194 247272508
247272508 18602194
18602194 249524906
249524906 18602194
18602194 257288478
257288478 18602194
1661032 69106
69106 1661032
1661032 3883830
3883830 1661032
1661032 4082444
4082444 1661032
1661032 4442503
4442503 1661032
1661032 4648388
4648388 1661032
1661032 4670323
4670323 1661032
1661032 6358635
6358635 1661032
1661032 8048084
8048084 1661032
1661032 8128699
8128699 1661032
1661032 13019297
13019297 1661032
1661032 19132769
19132769 1661032
1661032 26449287
26449287 1661032
1661032 54622158
54622158 1661032
1661032 54877973
54877973 1661032
1661032 82873429
82873429 1661032
1661032 86485786
86485786 1661032
1661032 91521913
91521913 1661032
1661032 101414072
101414072 1661032
1661032 138328696
138328696 1661032
1661032 162946411
162946411 1661032
52984013 69106
69106 52984013
52984013 12408285
12408285 52984013
8522506 69106
69106 8522506
8522506 3323154
3323154 8522506
8522506 3384922
3384922 8522506
8522506 5011584
5011584 8522506
8522506 5071264
5071264 8522506
8522506 5715770
5715770 8522506
8522506 6150056
6150056 8522506
8522506 6865172
6865172 8522506
8522506 7089171
7089171 8522506
8522506 8637424
8637424 8522506
8522506 8940111
8940111 8522506
8522506 9191716
9191716 8522506
8522506 12792742
12792742 8522506
8522506 13938738
13938738 8522506
8522506 18405234
18405234 8522506
8522506 77823784
77823784 8522506
20673491 69106
69106 20673491
20673491 1354713
1354713 20673491
20673491 1499161
1499161 20673491
20673491 2334180
2334180 20673491
20673491 3758836
3758836 20673491
20673491 4153565
4153565 20673491
20673491 4352712
4352712 20673491
20673491 6616381
6616381 20673491
20673491 7763608
7763608 20673491
20673491 12068644
12068644 20673491
20673491 17669472
17669472 20673491
20673491 18559900
18559900 20673491
20673491 20708585
20708585 20673491
20673491 23794505
23794505 20673491
20673491 25228156
25228156 20673491
20673491 28839856
28839856 20673491
20673491 29183275
29183275 20673491
20673491 42728062
42728062 20673491
20673491 46565885
46565885 20673491
20673491 51080048
51080048 20673491
20673491 68412346
68412346 20673491
20673491 74196647
74196647 20673491
20673491 100807610
100807610 20673491
20673491 147725356
147725356 20673491
20673491 168856371
168856371 20673491
20673491 177704835
177704835 20673491
20673491 205026667
205026667 20673491
20673491 210444091
210444091 20673491
12408285 15165
15165 12408285
12408285 69106
69106 12408285
12408285 71397
71397 12408285
12408285 139691
139691 12408285
12408285 216812
216812 12408285
12408285 261921
261921 12408285
12408285 392874
392874 12408285
12408285 501330
501330 12408285
12408285 1189122
1189122 12408285
12408285 1336292
1336292 12408285
12408285 1445425
1445425 12408285
12408285 1937105
1937105 12408285
12408285 2620796
2620796 12408285
12408285 2634088
2634088 12408285
12408285 3116470
3116470 12408285
12408285 3655852
3655852 12408285
12408285 4774572
4774572 12408285
12408285 5171009
5171009 12408285
12408285 5530488
5530488 12408285
12408285 6070350
6070350 12408285
12408285 7428600
7428600 12408285
12408285 10546374
10546374 12408285
12408285 10843088
10843088 12408285
12408285 14217271
14217271 12408285
12408285 17184075
17184075 12408285
12408285 17780487
17780487 12408285
12408285 17783456
17783456 12408285
12408285 18378299
18378299 12408285
12408285 18510762
18510762 12408285
12408285 18609373
18609373 12408285
12408285 18633966
18633966 12408285
12408285 21120750
21120750 12408285
12408285 25126952
25126952 12408285
12408285 28164903
28164903 12408285
12408285 32423465
32423465 12408285
12408285 52984013
52984013 12408285
12408285 73632309
73632309 12408285
12408285 76080642
76080642 12408285
12408285 83992126
83992126 12408285
12408285 90368468
90368468 12408285
12408285 192215345
192215345 12408285
8048084 69106
69106 8048084
8048084 1661032
1661032 8048084
8048084 4154309
4154309 8048084
8048084 4648388
4648388 8048084
8048084 5500922
5500922 8048084
8048084 8128699
8128699 8048084
8048084 15232702
15232702 8048084
8048084 26449287
26449287 8048084
