249786 5729
5729 249786
249786 5835
5835 249786
249786 23796
23796 249786
249786 28218
28218 249786
249786 29332
29332 249786
249786 30907
30907 249786
249786 31367
31367 249786
249786 33147
33147 249786
249786 54424
54424 249786
249786 54450
54450 249786
249786 86375
86375 249786
249786 87190
87190 249786
249786 93003
93003 249786
249786 100898
100898 249786
249786 101083
101083 249786
249786 112934
112934 249786
249786 113986
113986 249786
249786 116370
116370 249786
249786 119809
119809 249786
249786 128719
128719 249786
249786 132147
132147 249786
249786 136466
136466 249786
249786 148935
148935 249786
249786 164127
164127 249786
249786 169216
169216 249786
249786 193445
193445 249786
249786 213680
213680 249786
249786 228386
228386 249786
249786 273093
273093 249786
249786 289506
289506 249786
249786 324048
324048 249786
249786 329356
329356 249786
249786 349274
349274 249786
249786 362563
362563 249786
249786 449037
449037 249786
249786 449626
449626 249786
249786 449850
449850 249786
249786 513775
513775 249786
249786 595346
595346 249786
249786 645254
645254 249786
249786 648145
648145 249786
249786 787312
787312 249786
249786 788165
788165 249786
249786 790378
790378 249786
249786 822070
822070 249786
249786 863956
863956 249786
249786 923600
923600 249786
249786 1032165
1032165 249786
249786 1090167
1090167 249786
249786 1104917
1104917 249786
249786 1137819
1137819 249786
249786 1203322
1203322 249786
249786 1215683
1215683 249786
249786 1218899
1218899 249786
249786 1369590
1369590 249786
249786 1414490
1414490 249786
249786 1736465
1736465 249786
249786 1820045
1820045 249786
249786 1949304
1949304 249786
249786 2339479
2339479 249786
249786 2408658
2408658 249786
249786 2416647
2416647 249786
249786 2480866
2480866 249786
249786 2738609
2738609 249786
249786 2880108
2880108 249786
249786 2960306
2960306 249786
249786 3211315
3211315 249786
249786 3590194
3590194 249786
249786 3706431
3706431 249786
249786 3874913
3874913 249786
249786 3920633
3920633 249786
249786 4116101
4116101 249786
249786 4326418
4326418 249786
249786 4411896
4411896 249786
249786 4601250
4601250 249786
249786 5005772
5005772 249786
249786 5575453
5575453 249786
249786 5705145
5705145 249786
249786 5902754
5902754 249786
249786 6165459
6165459 249786
249786 6243867
6243867 249786
249786 7106742
7106742 249786
249786 7473837
7473837 249786
249786 7506013
7506013 249786
249786 9029729
9029729 249786
249786 9466726
9466726 249786
249786 9615459
9615459 249786
249786 9775191
9775191 249786
249786 10164458
10164458 249786
249786 11779011
11779011 249786
249786 11960659
11960659 249786
249786 12505529
12505529 249786
249786 12624682
12624682 249786
249786 13317202
13317202 249786
249786 13686732
13686732 249786
249786 14054647
14054647 249786
249786 14672539
14672539 249786
249786 15130025
15130025 249786
249786 15859618
15859618 249786
249786 16312071
16312071 249786
249786 16885788
16885788 249786
249786 17035082
17035082 249786
249786 17388881
17388881 249786
249786 18865363
18865363 249786
249786 19370838
19370838 249786
249786 23107958
23107958 249786
249786 23437470
23437470 249786
249786 25055473
25055473 249786
249786 28441368
28441368 249786
249786 29171175
29171175 249786
249786 30083456
30083456 249786
249786 31791245
31791245 249786
249786 33915192
33915192 249786
249786 40412719
40412719 249786
249786 40610953
40610953 249786
249786 40776050
40776050 249786
249786 41535141
41535141 249786
249786 44006388
44006388 249786
249786 45498577
45498577 249786
249786 50253777
50253777 249786
249786 51213757
51213757 249786
249786 55900392
55900392 249786
249786 66052137
66052137 249786
249786 70746149
70746149 249786
249786 86382403
86382403 249786
249786 94058248
94058248 249786
249786 111159428
111159428 249786
249786 112025594
112025594 249786
249786 116702068
116702068 249786
249786 132727456
132727456 249786
249786 137032776
137032776 249786
249786 143356816
143356816 249786
249786 152767980
152767980 249786
249786 161121283
161121283 249786
249786 164016571
164016571 249786
249786 181772110
181772110 249786
249786 183800614
183800614 249786
249786 185237068
185237068 249786
249786 197241526
197241526 249786
249786 221917567
221917567 249786
249786 226882158
226882158 249786
249786 248035114
248035114 249786
249786 248712326
248712326 249786
249786 266235867
266235867 249786
1649915 38266
38266 1649915
1649915 54424
54424 1649915
1649915 125606
125606 1649915
1649915 157659
157659 1649915
1649915 205027
205027 1649915
1649915 218578
218578 1649915
1649915 235981
235981 1649915
1649915 260153
260153 1649915
1649915 284144
284144 1649915
1649915 294822
294822 1649915
1649915 303648
303648 1649915
1649915 325235
325235 1649915
1649915 355211
355211 1649915
1649915 396504
396504 1649915
1649915 397926
397926 1649915
1649915 862291
862291 1649915
1649915 871222
871222 1649915
1649915 886935
886935 1649915
1649915 897803
897803 1649915
1649915 917533
917533 1649915
1649915 1106096
1106096 1649915
1649915 1150854
1150854 1649915
1649915 1475364
1475364 1649915
1649915 1563545
1563545 1649915
1649915 1678609
1678609 1649915
1649915 1951628
1951628 1649915
1649915 2099136
2099136 1649915
1649915 2120312
2120312 1649915
1649915 2255761
2255761 1649915
1649915 3015068
3015068 1649915
1649915 3080875
3080875 1649915
1649915 4060597
4060597 1649915
1649915 4665123
4665123 1649915
1649915 5121268
5121268 1649915
1649915 5683982
5683982 1649915
1649915 6134140
6134140 1649915
1649915 6891639
6891639 1649915
1649915 7472945
7472945 1649915
1649915 7800384
7800384 1649915
1649915 9024276
9024276 1649915
1649915 9126823
9126823 1649915
1649915 11659997
11659997 1649915
1649915 11923632
11923632 1649915
1649915 14680670
14680670 1649915
1649915 14956628
14956628 1649915
1649915 14967528
14967528 1649915
1649915 15371089
15371089 1649915
1649915 16451259
16451259 1649915
1649915 18464244
18464244 1649915
1649915 27748717
27748717 1649915
1649915 36768501
36768501 1649915
1649915 37875319
37875319 1649915
1649915 42629480
42629480 1649915
1649915 43706009
43706009 1649915
1649915 63576605
63576605 1649915
1649915 84036946
84036946 1649915
1649915 87629687
87629687 1649915
1649915 99445681
99445681 1649915
1649915 137351802
137351802 1649915
1649915 161216216
161216216 1649915
1649915 176370715
176370715 1649915
1649915 200555375
200555375 1649915
1649915 271963135
271963135 1649915
7232122 2150
2150 7232122
7232122 2620
2620 7232122
7232122 6881
6881 7232122
7232122 14554
14554 7232122
7232122 15437
15437 7232122
7232122 18691
18691 7232122
7232122 31885
31885 7232122
7232122 43631
43631 7232122
7232122 48563
48563 7232122
7232122 51359
51359 7232122
7232122 54424
54424 7232122
7232122 54563
54563 7232122
7232122 56252
56252 7232122
7232122 64496
64496 7232122
7232122 91118
91118 7232122
7232122 103456
103456 7232122
7232122 104277
104277 7232122
7232122 111135
111135 7232122
7232122 111944
111944 7232122
7232122 115661
115661 7232122
7232122 116136
116136 7232122
7232122 116557
116557 7232122
7232122 170550
170550 7232122
7232122 172707
172707 7232122
7232122 192134
192134 7232122
7232122 252613
252613 7232122
7232122 277255
277255 7232122
7232122 311639
311639 7232122
7232122 324093
324093 7232122
7232122 328565
328565 7232122
7232122 337722
337722 7232122
7232122 338432
338432 7232122
7232122 352191
352191 7232122
7232122 363237
363237 7232122
7232122 370871
370871 7232122
7232122 372632
372632 7232122
7232122 377413
377413 7232122
7232122 380121
380121 7232122
7232122 381817
381817 7232122
7232122 382535
382535 7232122
7232122 394167
394167 7232122
7232122 407554
407554 7232122
7232122 413643
413643 7232122
7232122 415441
415441 7232122
7232122 433187
433187 7232122
7232122 449834
449834 7232122
7232122 456898
456898 7232122
7232122 483935
483935 7232122
7232122 503069
503069 7232122
7232122 507906
507906 7232122
7232122 517808
517808 7232122
7232122 518854
518854 7232122
7232122 519493
519493 7232122
7232122 524537
524537 7232122
7232122 536121
536121 7232122
7232122 540736
540736 7232122
7232122 589243
589243 7232122
7232122 593673
593673 7232122
7232122 619960
619960 7232122
7232122 638835
638835 7232122
7232122 641385
641385 7232122
7232122 642286
642286 7232122
7232122 663374
663374 7232122
7232122 669077
669077 7232122
7232122 690504
690504 7232122
7232122 695138
695138 7232122
7232122 699623
699623 7232122
7232122 823052
823052 7232122
7232122 826102
826102 7232122
7232122 840176
840176 7232122
7232122 892978
892978 7232122
7232122 918402
918402 7232122
7232122 932900
932900 7232122
7232122 938307
938307 7232122
7232122 961842
961842 7232122
7232122 1029742
1029742 7232122
7232122 1047119
1047119 7232122
7232122 1120096
1120096 7232122
7232122 1130737
1130737 7232122
7232122 1137032
1137032 7232122
7232122 1174773
1174773 7232122
7232122 1187913
1187913 7232122
7232122 1223175
1223175 7232122
7232122 1227888
1227888 7232122
7232122 1250362
1250362 7232122
7232122 1303280
1303280 7232122
7232122 1308153
1308153 7232122
7232122 1326836
1326836 7232122
7232122 1330661
1330661 7232122
7232122 1336447
1336447 7232122
7232122 1343905
1343905 7232122
7232122 1355218
1355218 7232122
7232122 1356079
1356079 7232122
7232122 1459681
1459681 7232122
7232122 1504445
1504445 7232122
7232122 1531354
1531354 7232122
7232122 1535490
1535490 7232122
7232122 1540484
1540484 7232122
7232122 1668607
1668607 7232122
7232122 1691631
1691631 7232122
7232122 1744275
1744275 7232122
7232122 1861041
1861041 7232122
7232122 1933358
1933358 7232122
7232122 1951527
1951527 7232122
7232122 1974260
1974260 7232122
7232122 1984137
1984137 7232122
7232122 2000838
2000838 7232122
7232122 2004492
2004492 7232122
7232122 2012735
2012735 7232122
7232122 2035494
2035494 7232122
7232122 2079201
2079201 7232122
7232122 2129124
2129124 7232122
7232122 2184893
2184893 7232122
7232122 2199275
2199275 7232122
7232122 2228945
2228945 7232122
7232122 2304757
2304757 7232122
7232122 2427590
2427590 7232122
7232122 2431300
2431300 7232122
7232122 2677372
2677372 7232122
7232122 2714292
2714292 7232122
7232122 2853172
2853172 7232122
7232122 2990147
2990147 7232122
7232122 3023406
3023406 7232122
7232122 3053007
3053007 7232122
7232122 3128900
3128900 7232122
7232122 3250684
3250684 7232122
7232122 3316849
3316849 7232122
7232122 3345101
3345101 7232122
7232122 3383006
3383006 7232122
7232122 3389026
3389026 7232122
7232122 3477883
3477883 7232122
7232122 3770705
3770705 7232122
7232122 4162719
4162719 7232122
7232122 4778849
4778849 7232122
7232122 5426747
5426747 7232122
7232122 5467115
5467115 7232122
7232122 5829481
5829481 7232122
7232122 5879195
5879195 7232122
7232122 5984539
5984539 7232122
7232122 6403072
6403072 7232122
7232122 6686348
6686348 7232122
7232122 7098705
7098705 7232122
7232122 7812480
7812480 7232122
7232122 7856416
7856416 7232122
7232122 7999349
7999349 7232122
7232122 8183564
8183564 7232122
7232122 8518427
8518427 7232122
7232122 8635177
8635177 7232122
7232122 8721491
8721491 7232122
7232122 9057156
9057156 7232122
7232122 9961653
9961653 7232122
7232122 11026226
11026226 7232122
7232122 11366502
11366502 7232122
7232122 11737685
11737685 7232122
7232122 11804711
11804711 7232122
7232122 11834050
11834050 7232122
7232122 13626497
13626497 7232122
7232122 13845526
13845526 7232122
7232122 14723503
14723503 7232122
7232122 15156352
15156352 7232122
7232122 16048519
16048519 7232122
7232122 16213849
16213849 7232122
7232122 17427877
17427877 7232122
7232122 17893459
17893459 7232122
7232122 19106208
19106208 7232122
7232122 21055634
21055634 7232122
7232122 22251417
22251417 7232122
7232122 23834648
23834648 7232122
7232122 23979624
23979624 7232122
7232122 24567653
24567653 7232122
7232122 24792541
24792541 7232122
7232122 25582317
25582317 7232122
7232122 27210041
27210041 7232122
7232122 28769881
28769881 7232122
7232122 29429592
29429592 7232122
7232122 30385068
30385068 7232122
7232122 32693775
32693775 7232122
7232122 32982539
32982539 7232122
7232122 35244565
35244565 7232122
7232122 35631717
35631717 7232122
7232122 42483442
42483442 7232122
7232122 46415780
46415780 7232122
7232122 46614711
46614711 7232122
7232122 52661282
52661282 7232122
7232122 56692399
56692399 7232122
7232122 61343944
61343944 7232122
7232122 75575383
75575383 7232122
7232122 79755765
79755765 7232122
7232122 83794696
83794696 7232122
7232122 95193549
95193549 7232122
7232122 96598976
96598976 7232122
7232122 101619162
101619162 7232122
7232122 105304108
105304108 7232122
7232122 111314804
111314804 7232122
7232122 114682098
114682098 7232122
7232122 116544307
116544307 7232122
7232122 133182734
133182734 7232122
7232122 133434556
133434556 7232122
7232122 153542348
153542348 7232122
7232122 161157944
161157944 7232122
7232122 161300048
161300048 7232122
7232122 167867663
167867663 7232122
7232122 168283639
168283639 7232122
7232122 168904759
168904759 7232122
7232122 173117856
173117856 7232122
7232122 177636225
177636225 7232122
7232122 184172036
184172036 7232122
7232122 186704618
186704618 7232122
7232122 204297388
204297388 7232122
7232122 206658013
206658013 7232122
7232122 210623621
210623621 7232122
31518664 720
720 31518664
31518664 1047
1047 31518664
31518664 2502
2502 31518664
31518664 13604
13604 31518664
31518664 19212
19212 31518664
31518664 24461
24461 31518664
31518664 44977
44977 31518664
31518664 54424
54424 31518664
31518664 56087
56087 31518664
31518664 78120
78120 31518664
31518664 96484
96484 31518664
31518664 99393
99393 31518664
31518664 105455
105455 31518664
31518664 125290
125290 31518664
31518664 154626
154626 31518664
31518664 186478
186478 31518664
31518664 198538
198538 31518664
31518664 199084
199084 31518664
31518664 200828
200828 31518664
31518664 232300
232300 31518664
31518664 247028
247028 31518664
31518664 264301
264301 31518664
31518664 276943
276943 31518664
31518664 307817
307817 31518664
31518664 327005
327005 31518664
31518664 354255
354255 31518664
31518664 359249
359249 31518664
31518664 359307
359307 31518664
31518664 359734
359734 31518664
31518664 369092
369092 31518664
31518664 375357
375357 31518664
31518664 449938
449938 31518664
31518664 486762
486762 31518664
31518664 516696
516696 31518664
31518664 534597
534597 31518664
31518664 575155
575155 31518664
31518664 576385
576385 31518664
31518664 667934
667934 31518664
31518664 674805
674805 31518664
31518664 719424
719424 31518664
31518664 722735
722735 31518664
31518664 730115
730115 31518664
31518664 733221
733221 31518664
31518664 738597
738597 31518664
31518664 775659
775659 31518664
31518664 827940
827940 31518664
31518664 843316
843316 31518664
31518664 855174
855174 31518664
31518664 941527
941527 31518664
31518664 1077537
1077537 31518664
31518664 1095326
1095326 31518664
31518664 1129911
1129911 31518664
31518664 1299284
1299284 31518664
31518664 1333033
1333033 31518664
31518664 1618973
1618973 31518664
31518664 1823785
1823785 31518664
31518664 1857666
1857666 31518664
31518664 1886569
1886569 31518664
31518664 2237652
2237652 31518664
31518664 2289461
2289461 31518664
31518664 2458938
2458938 31518664
31518664 2759118
2759118 31518664
31518664 3290930
3290930 31518664
31518664 3316849
3316849 31518664
31518664 3365567
3365567 31518664
31518664 3412668
3412668 31518664
31518664 3656687
3656687 31518664
31518664 3762226
3762226 31518664
31518664 3762933
3762933 31518664
31518664 3994620
3994620 31518664
31518664 4408730
4408730 31518664
31518664 4586899
4586899 31518664
31518664 4626903
4626903 31518664
31518664 4763814
4763814 31518664
31518664 4817261
4817261 31518664
31518664 5105472
5105472 31518664
31518664 5260690
5260690 31518664
31518664 5474287
5474287 31518664
31518664 5527458
5527458 31518664
31518664 5721611
5721611 31518664
31518664 6423057
6423057 31518664
31518664 6472849
6472849 31518664
31518664 6653953
6653953 31518664
31518664 7446829
7446829 31518664
31518664 7945306
7945306 31518664
31518664 8089507
8089507 31518664
31518664 10241536
10241536 31518664
31518664 10441520
10441520 31518664
31518664 10771060
10771060 31518664
31518664 10946899
10946899 31518664
31518664 11056016
11056016 31518664
31518664 11430307
11430307 31518664
31518664 12022037
12022037 31518664
31518664 16117016
16117016 31518664
31518664 19423126
19423126 31518664
31518664 21709937
21709937 31518664
31518664 22564113
22564113 31518664
31518664 23608611
23608611 31518664
31518664 25130278
25130278 31518664
31518664 27260280
27260280 31518664
31518664 27473959
27473959 31518664
31518664 27851588
27851588 31518664
31518664 31258704
31258704 31518664
31518664 32312711
32312711 31518664
31518664 34537892
34537892 31518664
31518664 34620745
34620745 31518664
31518664 40431422
40431422 31518664
31518664 41483653
41483653 31518664
31518664 41567441
41567441 31518664
31518664 51371594
51371594 31518664
31518664 53019513
53019513 31518664
31518664 53228964
53228964 31518664
31518664 56168033
56168033 31518664
31518664 86146264
86146264 31518664
31518664 98819349
98819349 31518664
31518664 99070673
99070673 31518664
31518664 120976441
120976441 31518664
31518664 146571728
146571728 31518664
31518664 148870832
148870832 31518664
31518664 150412291
150412291 31518664
31518664 159593787
159593787 31518664
31518664 183101579
183101579 31518664
31518664 185440183
185440183 31518664
31518664 191922851
191922851 31518664
31518664 210768611
210768611 31518664
31518664 224886097
224886097 31518664
434559 18678
18678 434559
434559 54424
54424 434559
434559 76195
76195 434559
434559 98912
98912 434559
434559 119227
119227 434559
434559 135765
135765 434559
434559 136135
136135 434559
434559 144641
144641 434559
434559 182355
182355 434559
434559 196003
196003 434559
434559 201725
201725 434559
434559 210083
210083 434559
434559 236955
236955 434559
434559 245361
245361 434559
434559 267294
267294 434559
434559 327153
327153 434559
434559 350168
350168 434559
434559 361724
361724 434559
434559 364252
364252 434559
434559 437164
437164 434559
434559 447695
447695 434559
434559 482385
482385 434559
434559 499252
499252 434559
434559 524360
524360 434559
434559 563112
563112 434559
434559 569008
569008 434559
434559 580514
580514 434559
434559 647729
647729 434559
434559 674798
674798 434559
434559 691609
691609 434559
434559 694546
694546 434559
434559 700976
700976 434559
434559 712862
712862 434559
434559 785862
785862 434559
434559 792892
792892 434559
434559 827585
827585 434559
434559 847980
847980 434559
434559 886935
886935 434559
434559 921280
921280 434559
434559 927043
927043 434559
434559 929333
929333 434559
434559 996298
996298 434559
434559 1014122
1014122 434559
434559 1038987
1038987 434559
434559 1051343
1051343 434559
434559 1095255
1095255 434559
434559 1095402
1095402 434559
434559 1179909
1179909 434559
434559 1193539
1193539 434559
434559 1201860
1201860 434559
434559 1213231
1213231 434559
434559 1214731
1214731 434559
434559 1329430
1329430 434559
434559 1444308
1444308 434559
434559 1478192
1478192 434559
434559 1483543
1483543 434559
434559 1577053
1577053 434559
434559 1662600
1662600 434559
434559 1783443
1783443 434559
434559 1821653
1821653 434559
434559 2045247
2045247 434559
434559 2056722
2056722 434559
434559 2184127
2184127 434559
434559 2212967
2212967 434559
434559 2227151
2227151 434559
434559 2230566
2230566 434559
434559 2372551
2372551 434559
434559 2424252
2424252 434559
434559 2447587
2447587 434559
434559 2632954
2632954 434559
434559 2762388
2762388 434559
434559 2917834
2917834 434559
434559 3321911
3321911 434559
434559 3454779
3454779 434559
434559 3872649
3872649 434559
434559 4150963
4150963 434559
434559 4422299
4422299 434559
434559 4686901
4686901 434559
434559 5394815
5394815 434559
434559 5453698
5453698 434559
434559 5786171
5786171 434559
434559 7335717
7335717 434559
434559 7615104
7615104 434559
434559 9049326
9049326 434559
434559 13042412
13042412 434559
434559 13259820
13259820 434559
434559 14528141
14528141 434559
434559 16741203
16741203 434559
434559 17405764
17405764 434559
434559 20409507
20409507 434559
434559 20706502
20706502 434559
434559 22578507
22578507 434559
434559 23463629
23463629 434559
434559 24092448
24092448 434559
434559 29828626
29828626 434559
434559 40556682
40556682 434559
434559 42397590
42397590 434559
434559 58370704
58370704 434559
434559 70004375
70004375 434559
434559 71197140
71197140 434559
434559 79849167
79849167 434559
434559 84867834
84867834 434559
434559 87441853
87441853 434559
434559 95918707
95918707 434559
434559 104979374
104979374 434559
434559 106259107
106259107 434559
434559 117238633
117238633 434559
434559 131829384
131829384 434559
434559 134257808
134257808 434559
434559 137093669
137093669 434559
434559 137199264
137199264 434559
434559 140275288
140275288 434559
434559 151309894
151309894 434559
434559 168283639
168283639 434559
434559 181712307
181712307 434559
434559 183089992
183089992 434559
434559 190189957
190189957 434559
434559 209506894
209506894 434559
434559 219605285
219605285 434559
434559 225244117
225244117 434559
434559 246833721
246833721 434559
434559 248748131
248748131 434559
7335717 1212
1212 7335717
7335717 31885
31885 7335717
7335717 35078
35078 7335717
7335717 119236
119236 7335717
7335717 255556
255556 7335717
7335717 381817
381817 7335717
7335717 434559
434559 7335717
7335717 591220
591220 7335717
7335717 780327
780327 7335717
7335717 862291
862291 7335717
7335717 928674
928674 7335717
7335717 1106096
1106096 7335717
7335717 2056722
2056722 7335717
7335717 2373299
2373299 7335717
7335717 3207556
3207556 7335717
7335717 9647326
9647326 7335717
7335717 12080562
12080562 7335717
7335717 17408493
17408493 7335717
7335717 24512263
24512263 7335717
7335717 41069501
41069501 7335717
7335717 42397590
42397590 7335717
7335717 51200794
51200794 7335717
7335717 93665528
93665528 7335717
7335717 135933075
135933075 7335717
7335717 192547395
192547395 7335717
7335717 219605285
219605285 7335717
32552 620
620 32552
32552 1881
1881 32552
32552 2142
2142 32552
32552 6292
6292 32552
32552 8981
8981 32552
32552 10801
10801 32552
32552 12872
12872 32552
32552 15434
15434 32552
32552 17195
17195 32552
32552 18154
18154 32552
32552 19955
19955 32552
32552 20401
20401 32552
32552 21087
21087 32552
32552 21174
21174 32552
32552 21991
21991 32552
32552 23473
23473 32552
32552 23642
23642 32552
32552 23945
23945 32552
32552 24516
24516 32552
32552 27672
27672 32552
32552 28606
28606 32552
32552 28921
28921 32552
32552 29813
29813 32552
32552 30002
30002 32552
32552 30237
30237 32552
32552 30957
30957 32552
32552 33787
33787 32552
32552 33971
33971 32552
32552 35769
35769 32552
32552 36996
36996 32552
32552 37071
37071 32552
32552 38049
38049 32552
32552 38757
38757 32552
32552 39137
39137 32552
32552 39803
39803 32552
32552 40724
40724 32552
32552 41160
41160 32552
32552 41326
41326 32552
32552 41442
41442 32552
32552 41496
41496 32552
32552 41567
41567 32552
32552 42049
42049 32552
32552 43519
43519 32552
32552 43749
43749 32552
32552 43757
43757 32552
32552 45414
45414 32552
32552 46595
46595 32552
32552 47743
47743 32552
32552 48473
48473 32552
32552 49420
49420 32552
32552 49497
49497 32552
32552 49714
49714 32552
32552 51015
51015 32552
32552 51398
51398 32552
32552 53157
53157 32552
32552 54424
54424 32552
32552 56740
56740 32552
32552 60996
60996 32552
32552 62331
62331 32552
32552 62798
62798 32552
32552 63448
63448 32552
32552 63784
63784 32552
32552 64622
64622 32552
32552 68454
68454 32552
32552 69259
69259 32552
32552 69381
69381 32552
32552 69563
69563 32552
32552 72488
72488 32552
32552 73487
73487 32552
32552 75633
75633 32552
32552 75937
75937 32552
32552 76477
76477 32552
32552 76621
76621 32552
32552 77133
77133 32552
32552 77153
77153 32552
32552 77277
77277 32552
32552 78021
78021 32552
32552 78594
78594 32552
32552 79703
79703 32552
32552 80213
80213 32552
32552 80249
80249 32552
32552 80921
80921 32552
32552 81824
81824 32552
32552 82483
82483 32552
32552 82614
82614 32552
32552 83107
83107 32552
32552 83515
83515 32552
32552 86101
86101 32552
32552 86511
86511 32552
32552 87790
87790 32552
32552 91089
91089 32552
32552 92253
92253 32552
32552 95008
95008 32552
32552 97866
97866 32552
32552 102161
102161 32552
32552 103951
103951 32552
32552 104134
104134 32552
32552 105065
105065 32552
32552 106140
106140 32552
32552 106496
106496 32552
32552 106857
106857 32552
32552 107218
107218 32552
32552 107902
107902 32552
32552 108850
108850 32552
32552 109705
109705 32552
32552 114144
114144 32552
32552 114206
114206 32552
32552 116359
116359 32552
32552 119009
119009 32552
32552 122320
122320 32552
32552 125885
125885 32552
32552 129061
129061 32552
32552 132431
132431 32552
32552 134817
134817 32552
32552 135539
135539 32552
32552 136583
136583 32552
32552 137441
137441 32552
32552 138249
138249 32552
32552 141892
141892 32552
32552 145147
145147 32552
32552 146486
146486 32552
32552 148547
148547 32552
32552 154840
154840 32552
32552 161202
161202 32552
32552 162071
162071 32552
32552 163191
163191 32552
32552 165226
165226 32552
32552 167950
167950 32552
32552 171985
171985 32552
32552 172527
172527 32552
32552 173239
173239 32552
32552 173905
173905 32552
32552 175036
175036 32552
32552 175471
175471 32552
32552 178361
178361 32552
32552 178410
178410 32552
32552 181148
181148 32552
32552 183262
183262 32552
32552 184768
184768 32552
32552 187992
187992 32552
32552 189085
189085 32552
32552 190233
190233 32552
32552 190571
190571 32552
32552 191698
191698 32552
32552 191972
191972 32552
32552 197692
197692 32552
32552 198829
198829 32552
32552 201242
201242 32552
32552 202683
202683 32552
32552 202780
202780 32552
32552 203442
203442 32552
32552 204047
204047 32552
32552 207803
207803 32552
32552 207853
207853 32552
32552 212865
212865 32552
32552 217508
217508 32552
32552 218793
218793 32552
32552 221452
221452 32552
32552 221975
221975 32552
32552 222704
222704 32552
32552 229205
229205 32552
32552 238221
238221 32552
32552 243870
243870 32552
32552 250506
250506 32552
32552 255446
255446 32552
32552 266248
266248 32552
32552 267033
267033 32552
32552 272036
272036 32552
32552 273731
273731 32552
32552 273882
273882 32552
32552 278803
278803 32552
32552 279261
279261 32552
32552 286954
286954 32552
32552 289459
289459 32552
32552 289620
289620 32552
32552 295136
295136 32552
32552 295545
295545 32552
32552 297363
297363 32552
32552 298738
298738 32552
32552 303391
303391 32552
32552 306440
306440 32552
32552 311948
311948 32552
32552 313026
313026 32552
32552 313677
313677 32552
32552 315934
315934 32552
32552 316358
316358 32552
32552 317785
317785 32552
32552 319998
319998 32552
32552 321711
321711 32552
32552 322426
322426 32552
32552 325466
325466 32552
32552 326958
326958 32552
32552 328076
328076 32552
32552 331107
331107 32552
32552 331440
331440 32552
32552 335039
335039 32552
32552 338123
338123 32552
32552 338385
338385 32552
32552 338514
338514 32552
32552 345557
345557 32552
32552 350690
350690 32552
32552 352292
352292 32552
32552 353875
353875 32552
32552 354916
354916 32552
32552 357577
357577 32552
32552 360831
360831 32552
32552 362479
362479 32552
32552 363998
363998 32552
32552 377066
377066 32552
32552 380109
380109 32552
32552 380437
380437 32552
32552 381744
381744 32552
32552 390646
390646 32552
32552 399164
399164 32552
32552 409825
409825 32552
32552 438911
438911 32552
32552 447047
447047 32552
32552 447888
447888 32552
32552 448617
448617 32552
32552 458043
458043 32552
32552 465139
465139 32552
32552 465649
465649 32552
32552 483446
483446 32552
32552 488091
488091 32552
32552 494588
494588 32552
32552 495708
495708 32552
32552 504638
504638 32552
32552 504932
504932 32552
32552 510028
510028 32552
32552 527193
527193 32552
32552 527305
527305 32552
32552 538708
538708 32552
32552 558254
558254 32552
32552 562158
562158 32552
32552 563622
563622 32552
32552 575043
575043 32552
32552 582515
582515 32552
32552 585666
585666 32552
32552 585892
585892 32552
32552 589250
589250 32552
32552 599953
599953 32552
32552 614895
614895 32552
32552 631649
631649 32552
32552 650881
650881 32552
32552 676176
676176 32552
32552 694420
694420 32552
32552 704626
704626 32552
32552 725558
725558 32552
32552 731372
731372 32552
32552 737426
737426 32552
32552 739401
739401 32552
32552 755807
755807 32552
32552 761145
761145 32552
32552 768257
768257 32552
32552 791452
791452 32552
32552 814969
814969 32552
32552 817484
817484 32552
32552 822287
822287 32552
32552 824703
824703 32552
32552 824890
824890 32552
32552 829128
829128 32552
32552 843105
843105 32552
32552 868390
868390 32552
32552 898780
898780 32552
32552 915379
915379 32552
32552 926675
926675 32552
32552 939912
939912 32552
32552 943150
943150 32552
32552 971893
971893 32552
32552 996139
996139 32552
32552 1011903
1011903 32552
32552 1028056
1028056 32552
32552 1046582
1046582 32552
32552 1082039
1082039 32552
32552 1099049
1099049 32552
32552 1139910
1139910 32552
32552 1141595
1141595 32552
32552 1159275
1159275 32552
32552 1250695
1250695 32552
32552 1281485
1281485 32552
32552 1297215
1297215 32552
32552 1319021
1319021 32552
32552 1343937
1343937 32552
32552 1364989
1364989 32552
32552 1370147
1370147 32552
32552 1388508
1388508 32552
32552 1395244
1395244 32552
32552 1441329
1441329 32552
32552 1441407
1441407 32552
32552 1457745
1457745 32552
32552 1491507
1491507 32552
32552 1496338
1496338 32552
32552 1506788
1506788 32552
32552 1550816
1550816 32552
32552 1579009
1579009 32552
32552 1587400
1587400 32552
32552 1621882
1621882 32552
32552 1645079
1645079 32552
32552 1698504
1698504 32552
32552 1714412
1714412 32552
32552 1733105
1733105 32552
32552 1753319
1753319 32552
32552 1802116
1802116 32552
32552 1808541
1808541 32552
32552 1812556
1812556 32552
32552 1820068
1820068 32552
32552 1837569
1837569 32552
32552 1860299
1860299 32552
32552 1887326
1887326 32552
32552 1954209
1954209 32552
32552 1962036
1962036 32552
32552 1967982
1967982 32552
32552 1992377
1992377 32552
32552 2031271
2031271 32552
32552 2074542
2074542 32552
32552 2186390
2186390 32552
32552 2247541
2247541 32552
32552 2305359
2305359 32552
32552 2321067
2321067 32552
32552 2401020
2401020 32552
32552 2653377
2653377 32552
32552 2743039
2743039 32552
32552 2817166
2817166 32552
32552 2839142
2839142 32552
32552 2854453
2854453 32552
32552 2865296
2865296 32552
32552 2901052
2901052 32552
32552 2946210
2946210 32552
32552 2951773
2951773 32552
32552 2971084
2971084 32552
32552 3025270
3025270 32552
32552 3026447
3026447 32552
32552 3057029
3057029 32552
32552 3105393
3105393 32552
32552 3222902
3222902 32552
32552 3349802
3349802 32552
32552 3371178
3371178 32552
32552 3474722
3474722 32552
32552 3484846
3484846 32552
32552 3533525
3533525 32552
32552 3644916
3644916 32552
32552 3727905
3727905 32552
32552 3734205
3734205 32552
32552 3840724
3840724 32552
32552 3849908
3849908 32552
32552 3995923
3995923 32552
32552 4060149
4060149 32552
32552 4143647
4143647 32552
32552 4264511
4264511 32552
32552 4294967
4294967 32552
32552 4318822
4318822 32552
32552 4332528
4332528 32552
32552 4396203
4396203 32552
32552 4573038
4573038 32552
32552 4585133
4585133 32552
32552 4660771
4660771 32552
32552 4702904
4702904 32552
32552 4893232
4893232 32552
32552 5106864
5106864 32552
32552 5128025
5128025 32552
32552 5344973
5344973 32552
32552 5414753
5414753 32552
32552 5460532
5460532 32552
32552 5715108
5715108 32552
32552 6032571
6032571 32552
32552 6128484
6128484 32552
32552 6332262
6332262 32552
32552 6407219
6407219 32552
32552 6523303
6523303 32552
32552 6626081
6626081 32552
32552 6696719
6696719 32552
32552 7016639
7016639 32552
32552 7047384
7047384 32552
32552 7094355
7094355 32552
32552 7167308
7167308 32552
32552 7417860
7417860 32552
32552 8000414
8000414 32552
32552 8011503
8011503 32552
32552 8425500
8425500 32552
32552 12020257
12020257 32552
32552 12145192
12145192 32552
32552 12758576
12758576 32552
32552 13482772
13482772 32552
32552 15355121
15355121 32552
32552 15555460
15555460 32552
32552 18268173
18268173 32552
32552 18390632
18390632 32552
32552 19777667
19777667 32552
32552 20300976
20300976 32552
32552 20762241
20762241 32552
32552 20861680
20861680 32552
32552 22001034
22001034 32552
32552 22789393
22789393 32552
32552 23211372
23211372 32552
32552 24168212
24168212 32552
32552 26696976
26696976 32552
32552 27071129
27071129 32552
32552 28797042
28797042 32552
32552 29140761
29140761 32552
32552 29161949
29161949 32552
32552 29683992
29683992 32552
32552 30912203
30912203 32552
32552 32107304
32107304 32552
32552 32300613
32300613 32552
32552 33234236
33234236 32552
32552 35230779
35230779 32552
32552 36150201
36150201 32552
32552 37180563
37180563 32552
32552 38690346
38690346 32552
32552 40201819
40201819 32552
32552 40229627
40229627 32552
32552 40413909
40413909 32552
32552 41416784
41416784 32552
32552 43761782
43761782 32552
32552 45982673
45982673 32552
32552 46527715
46527715 32552
32552 48918695
48918695 32552
32552 51364888
51364888 32552
32552 52487389
52487389 32552
32552 53691240
53691240 32552
32552 56552491
56552491 32552
32552 58959858
58959858 32552
32552 60796825
60796825 32552
32552 61821654
61821654 32552
32552 66815238
66815238 32552
32552 67951381
67951381 32552
32552 68684607
68684607 32552
32552 69641292
69641292 32552
32552 71053556
71053556 32552
32552 73774246
73774246 32552
32552 76505842
76505842 32552
32552 76640578
76640578 32552
32552 77847825
77847825 32552
32552 81723869
81723869 32552
32552 83076145
83076145 32552
32552 86973810
86973810 32552
32552 89416831
89416831 32552
32552 90192240
90192240 32552
32552 91848929
91848929 32552
32552 92178250
92178250 32552
32552 93827336
93827336 32552
32552 97297673
97297673 32552
32552 103620130
103620130 32552
32552 113947436
113947436 32552
32552 114113665
114113665 32552
32552 117517413
117517413 32552
32552 122158429
122158429 32552
32552 124813106
124813106 32552
32552 131890993
131890993 32552
32552 135502147
135502147 32552
32552 136286288
136286288 32552
32552 137510193
137510193 32552
32552 138520810
138520810 32552
32552 139229532
139229532 32552
32552 140373623
140373623 32552
32552 142276735
142276735 32552
32552 144246890
144246890 32552
32552 147050194
147050194 32552
32552 150533385
150533385 32552
32552 150778137
150778137 32552
32552 152762550
152762550 32552
32552 153020864
153020864 32552
32552 153222240
153222240 32552
32552 157119144
157119144 32552
32552 161036785
161036785 32552
32552 162811541
162811541 32552
32552 167637036
167637036 32552
32552 168283639
168283639 32552
32552 173082920
173082920 32552
32552 173087015
173087015 32552
32552 174239145
174239145 32552
32552 174682399
174682399 32552
32552 176059300
176059300 32552
32552 179243577
179243577 32552
32552 181422585
181422585 32552
32552 182301893
182301893 32552
32552 182880777
182880777 32552
32552 189616135
189616135 32552
32552 195804375
195804375 32552
32552 195937708
195937708 32552
32552 200082980
200082980 32552
32552 205302731
205302731 32552
32552 206887731
206887731 32552
32552 208547910
208547910 32552
32552 208703905
208703905 32552
32552 208727958
208727958 32552
32552 208953881
208953881 32552
32552 212304646
212304646 32552
32552 216916976
216916976 32552
32552 219836214
219836214 32552
32552 223659534
223659534 32552
32552 223798784
223798784 32552
32552 225410494
225410494 32552
32552 226523981
226523981 32552
32552 234730813
234730813 32552
32552 238881725
238881725 32552
32552 239603735
239603735 32552
32552 240767527
240767527 32552
32552 243937025
243937025 32552
32552 249094535
249094535 32552
255556 1090
1090 255556
255556 19214
19214 255556
255556 26717
26717 255556
255556 32666
32666 255556
255556 34708
34708 255556
255556 38754
38754 255556
255556 48101
48101 255556
255556 52961
52961 255556
255556 54424
54424 255556
255556 64757
64757 255556
255556 67019
67019 255556
255556 67958
67958 255556
255556 77744
77744 255556
255556 81473
81473 255556
255556 87406
87406 255556
255556 98757
98757 255556
255556 102711
102711 255556
255556 106008
106008 255556
255556 112632
112632 255556
255556 114904
114904 255556
255556 117562
117562 255556
255556 124687
124687 255556
255556 131192
131192 255556
255556 131651
131651 255556
255556 136712
136712 255556
255556 140613
140613 255556
255556 141890
141890 255556
255556 141977
141977 255556
255556 143555
143555 255556
255556 146062
146062 255556
255556 170618
170618 255556
255556 171113
171113 255556
255556 171370
171370 255556
255556 181476
181476 255556
255556 185764
185764 255556
255556 185776
185776 255556
255556 189532
189532 255556
255556 196003
196003 255556
255556 199010
199010 255556
255556 203509
203509 255556
255556 209029
209029 255556
255556 212830
212830 255556
255556 220729
220729 255556
255556 226030
226030 255556
255556 231980
231980 255556
255556 236955
236955 255556
255556 239076
239076 255556
255556 244023
244023 255556
255556 267676
267676 255556
255556 268679
268679 255556
255556 275487
275487 255556
255556 283638
283638 255556
255556 295145
295145 255556
255556 295728
295728 255556
255556 311456
311456 255556
255556 320867
320867 255556
255556 326991
326991 255556
255556 336005
336005 255556
255556 346338
346338 255556
255556 349237
349237 255556
255556 369071
369071 255556
255556 370242
370242 255556
255556 381817
381817 255556
255556 384987
384987 255556
255556 392322
392322 255556
255556 413867
413867 255556
255556 440887
440887 255556
255556 441556
441556 255556
255556 475486
475486 255556
255556 489913
489913 255556
255556 492083
492083 255556
255556 497061
497061 255556
255556 509392
509392 255556
255556 525009
525009 255556
255556 569008
569008 255556
255556 589283
589283 255556
255556 618987
618987 255556
255556 635147
635147 255556
255556 649441
649441 255556
255556 658887
658887 255556
255556 691297
691297 255556
255556 721506
721506 255556
255556 746756
746756 255556
255556 750747
750747 255556
255556 773560
773560 255556
255556 785034
785034 255556
255556 800569
800569 255556
255556 820351
820351 255556
255556 839336
839336 255556
255556 886935
886935 255556
255556 930841
930841 255556
255556 942014
942014 255556
255556 958050
958050 255556
255556 985085
985085 255556
255556 1035750
1035750 255556
255556 1159142
1159142 255556
255556 1187743
1187743 255556
255556 1220344
1220344 255556
255556 1272634
1272634 255556
255556 1295346
1295346 255556
255556 1367683
1367683 255556
255556 1382939
1382939 255556
255556 1497410
1497410 255556
255556 1509452
1509452 255556
255556 1717607
1717607 255556
255556 1723386
1723386 255556
255556 1730567
1730567 255556
255556 1748516
1748516 255556
255556 1751509
1751509 255556
255556 1787522
1787522 255556
255556 1922965
1922965 255556
255556 1943774
1943774 255556
255556 1950142
1950142 255556
255556 2008845
2008845 255556
255556 2019176
2019176 255556
255556 2199312
2199312 255556
255556 2270223
2270223 255556
255556 2335139
2335139 255556
255556 2568059
2568059 255556
255556 2818041
2818041 255556
255556 2825963
2825963 255556
255556 2994983
2994983 255556
255556 3135475
3135475 255556
255556 3582363
3582363 255556
255556 3820053
3820053 255556
255556 3942354
3942354 255556
255556 3949989
3949989 255556
255556 4200937
4200937 255556
255556 4339560
4339560 255556
255556 4419118
4419118 255556
255556 4638148
4638148 255556
255556 5670625
5670625 255556
255556 6120046
6120046 255556
255556 6241553
6241553 255556
255556 6558062
6558062 255556
255556 6642991
6642991 255556
255556 6815368
6815368 255556
255556 7335717
7335717 255556
255556 7365549
7365549 255556
255556 7553597
7553597 255556
255556 8379723
8379723 255556
255556 8634301
8634301 255556
255556 9647326
9647326 255556
255556 9668581
9668581 255556
255556 10556342
10556342 255556
255556 11514793
11514793 255556
255556 12089120
12089120 255556
255556 13472911
13472911 255556
255556 14767797
14767797 255556
255556 18068730
18068730 255556
255556 18111047
18111047 255556
255556 19254440
19254440 255556
255556 19949683
19949683 255556
255556 20297274
20297274 255556
255556 25232471
25232471 255556
255556 26861792
26861792 255556
255556 27510425
27510425 255556
255556 29043240
29043240 255556
255556 30403851
30403851 255556
255556 42397590
42397590 255556
255556 42463330
42463330 255556
255556 53768483
53768483 255556
255556 56079635
56079635 255556
255556 56738529
56738529 255556
255556 73192848
73192848 255556
255556 76248217
76248217 255556
255556 79264667
79264667 255556
255556 80935294
80935294 255556
255556 86242346
86242346 255556
255556 99170361
99170361 255556
255556 148714405
148714405 255556
255556 156980625
156980625 255556
255556 163715654
163715654 255556
255556 174186856
174186856 255556
255556 219605285
219605285 255556
267033 7473
7473 267033
267033 8139
8139 267033
267033 24453
24453 267033
267033 31546
31546 267033
267033 31878
31878 267033
267033 32552
32552 267033
267033 33971
33971 267033
267033 36996
36996 267033
267033 37052
37052 267033
267033 38366
38366 267033
267033 39244
39244 267033
267033 41442
41442 267033
267033 43519
43519 267033
267033 45414
45414 267033
267033 54424
54424 267033
267033 86146
86146 267033
267033 86744
86744 267033
267033 87261
87261 267033
267033 89829
89829 267033
267033 93153
93153 267033
267033 100041
100041 267033
267033 100582
100582 267033
267033 106140
106140 267033
267033 128229
128229 267033
267033 143076
143076 267033
267033 144933
144933 267033
267033 151381
151381 267033
267033 151968
151968 267033
267033 156158
156158 267033
267033 160884
160884 267033
267033 162071
162071 267033
267033 163571
163571 267033
267033 174586
174586 267033
267033 185301
185301 267033
267033 202683
202683 267033
267033 205444
205444 267033
267033 221466
221466 267033
267033 226010
226010 267033
267033 228935
228935 267033
267033 230465
230465 267033
267033 232555
232555 267033
267033 262327
262327 267033
267033 273118
273118 267033
267033 274851
274851 267033
267033 296292
296292 267033
267033 306440
306440 267033
267033 345654
345654 267033
267033 371758
371758 267033
267033 385333
385333 267033
267033 385543
385543 267033
267033 385926
385926 267033
267033 386365
386365 267033
267033 389669
389669 267033
267033 415102
415102 267033
267033 417812
417812 267033
267033 421494
421494 267033
267033 421984
421984 267033
267033 425196
425196 267033
267033 429862
429862 267033
267033 464539
464539 267033
267033 488046
488046 267033
267033 498417
498417 267033
267033 530890
530890 267033
267033 552142
552142 267033
267033 560353
560353 267033
267033 564129
564129 267033
267033 572648
572648 267033
267033 596838
596838 267033
267033 609861
609861 267033
267033 625833
625833 267033
267033 642627
642627 267033
267033 676797
676797 267033
267033 747699
747699 267033
267033 755636
755636 267033
267033 801419
801419 267033
267033 860820
860820 267033
267033 882898
882898 267033
267033 919005
919005 267033
267033 955442
955442 267033
267033 989984
989984 267033
267033 998079
998079 267033
267033 1008003
1008003 267033
267033 1021700
1021700 267033
267033 1027503
1027503 267033
267033 1034628
1034628 267033
267033 1079687
1079687 267033
267033 1162494
1162494 267033
267033 1224149
1224149 267033
267033 1317190
1317190 267033
267033 1412876
1412876 267033
267033 1449978
1449978 267033
267033 1464168
1464168 267033
267033 1578296
1578296 267033
267033 1708010
1708010 267033
267033 1762452
1762452 267033
267033 1806343
1806343 267033
267033 1954209
1954209 267033
267033 2330501
2330501 267033
267033 2430769
2430769 267033
267033 2531692
2531692 267033
267033 2620149
2620149 267033
267033 2919494
2919494 267033
267033 2936772
2936772 267033
267033 2945731
2945731 267033
267033 2964756
2964756 267033
267033 3025270
3025270 267033
267033 3174017
3174017 267033
267033 3261449
3261449 267033
267033 3262216
3262216 267033
267033 3384338
3384338 267033
267033 3498523
3498523 267033
267033 3506446
3506446 267033
267033 3608312
3608312 267033
267033 3616263
3616263 267033
267033 3692403
3692403 267033
267033 3875213
3875213 267033
267033 4203120
4203120 267033
267033 4418021
4418021 267033
267033 4483131
4483131 267033
267033 4512026
4512026 267033
267033 4733832
4733832 267033
267033 5121007
5121007 267033
267033 5262139
5262139 267033
267033 5449728
5449728 267033
267033 6221249
6221249 267033
267033 6261820
6261820 267033
267033 6511992
6511992 267033
267033 7145418
7145418 267033
267033 7763909
7763909 267033
267033 7993797
7993797 267033
267033 8219906
8219906 267033
267033 9544768
9544768 267033
267033 10894226
10894226 267033
267033 11807194
11807194 267033
267033 11891266
11891266 267033
267033 12267037
12267037 267033
267033 13950177
13950177 267033
267033 14023805
14023805 267033
267033 14529759
14529759 267033
267033 15171259
15171259 267033
267033 15352528
15352528 267033
267033 18268173
18268173 267033
267033 18614963
18614963 267033
267033 18898493
18898493 267033
267033 19637235
19637235 267033
267033 20294031
20294031 267033
267033 23395944
23395944 267033
267033 24711460
24711460 267033
267033 24935345
24935345 267033
267033 25101587
25101587 267033
267033 25627557
25627557 267033
267033 28516262
28516262 267033
267033 35012438
35012438 267033
267033 41399855
41399855 267033
267033 43717298
43717298 267033
267033 52290434
52290434 267033
267033 52458112
52458112 267033
267033 57574359
57574359 267033
267033 57909942
57909942 267033
267033 60978955
60978955 267033
267033 61949176
61949176 267033
267033 79399331
79399331 267033
267033 82239620
82239620 267033
267033 84113908
84113908 267033
267033 98722115
98722115 267033
267033 98946976
98946976 267033
267033 102126602
102126602 267033
267033 113947436
113947436 267033
267033 124303171
124303171 267033
267033 127097855
127097855 267033
267033 132119897
132119897 267033
267033 146091945
146091945 267033
267033 151617779
151617779 267033
267033 159885437
159885437 267033
267033 174568875
174568875 267033
267033 179243577
179243577 267033
267033 183958221
183958221 267033
267033 242999392
242999392 267033
267033 253066059
253066059 267033
267033 272009943
272009943 267033
33971 1676
1676 33971
33971 8437
8437 33971
33971 8894
8894 33971
33971 10263
10263 33971
33971 12872
12872 33971
33971 13888
13888 33971
33971 19057
19057 33971
33971 23945
23945 33971
33971 24115
24115 33971
33971 27991
27991 33971
33971 28439
28439 33971
33971 29967
29967 33971
33971 30237
30237 33971
33971 30454
30454 33971
33971 30957
30957 33971
33971 32552
32552 33971
33971 33787
33787 33971
33971 34561
34561 33971
33971 36181
36181 33971
33971 36996
36996 33971
33971 39803
39803 33971
33971 40724
40724 33971
33971 40770
40770 33971
33971 41160
41160 33971
33971 41442
41442 33971
33971 41496
41496 33971
33971 42049
42049 33971
33971 43339
43339 33971
33971 43519
43519 33971
33971 43749
43749 33971
33971 45414
45414 33971
33971 45798
45798 33971
33971 46320
46320 33971
33971 46440
46440 33971
33971 46458
46458 33971
33971 47743
47743 33971
33971 49297
49297 33971
33971 49497
49497 33971
33971 50217
50217 33971
33971 53399
53399 33971
33971 54424
54424 33971
33971 55097
55097 33971
33971 56280
56280 33971
33971 60203
60203 33971
33971 60675
60675 33971
33971 61234
61234 33971
33971 63532
63532 33971
33971 63784
63784 33971
33971 67945
67945 33971
33971 67958
67958 33971
33971 68630
68630 33971
33971 69563
69563 33971
33971 70035
70035 33971
33971 72488
72488 33971
33971 75633
75633 33971
33971 76477
76477 33971
33971 77153
77153 33971
33971 79197
79197 33971
33971 79297
79297 33971
33971 79651
79651 33971
33971 79703
79703 33971
33971 82869
82869 33971
33971 83869
83869 33971
33971 83965
83965 33971
33971 85812
85812 33971
33971 87190
87190 33971
33971 87285
87285 33971
33971 89710
89710 33971
33971 93285
93285 33971
33971 93787
93787 33971
33971 94100
94100 33971
33971 100989
100989 33971
33971 101563
101563 33971
33971 102744
102744 33971
33971 103951
103951 33971
33971 104134
104134 33971
33971 104307
104307 33971
33971 104618
104618 33971
33971 106140
106140 33971
33971 111311
111311 33971
33971 122320
122320 33971
33971 124599
124599 33971
33971 125922
125922 33971
33971 126540
126540 33971
33971 135539
135539 33971
33971 137441
137441 33971
33971 137473
137473 33971
33971 143482
143482 33971
33971 146486
146486 33971
33971 151579
151579 33971
33971 154419
154419 33971
33971 157337
157337 33971
33971 159403
159403 33971
33971 161835
161835 33971
33971 162328
162328 33971
33971 163191
163191 33971
33971 163918
163918 33971
33971 168300
168300 33971
33971 169788
169788 33971
33971 172527
172527 33971
33971 173905
173905 33971
33971 175036
175036 33971
33971 176047
176047 33971
33971 177329
177329 33971
33971 178410
178410 33971
33971 178624
178624 33971
33971 181148
181148 33971
33971 183157
183157 33971
33971 184768
184768 33971
33971 185968
185968 33971
33971 189312
189312 33971
33971 191801
191801 33971
33971 191972
191972 33971
33971 191994
191994 33971
33971 192137
192137 33971
33971 194119
194119 33971
33971 196179
196179 33971
33971 198829
198829 33971
33971 201235
201235 33971
33971 202780
202780 33971
33971 203421
203421 33971
33971 204971
204971 33971
33971 207429
207429 33971
33971 207803
207803 33971
33971 207853
207853 33971
33971 207947
207947 33971
33971 207964
207964 33971
33971 208881
208881 33971
33971 211414
211414 33971
33971 211548
211548 33971
33971 211794
211794 33971
33971 211895
211895 33971
33971 212865
212865 33971
33971 213080
213080 33971
33971 214673
214673 33971
33971 218793
218793 33971
33971 221975
221975 33971
33971 222344
222344 33971
33971 223401
223401 33971
33971 225236
225236 33971
33971 237464
237464 33971
33971 241044
241044 33971
33971 245040
245040 33971
33971 245490
245490 33971
33971 248151
248151 33971
33971 257188
257188 33971
33971 257726
257726 33971
33971 260077
260077 33971
33971 260391
260391 33971
33971 260547
260547 33971
33971 262986
262986 33971
33971 265655
265655 33971
33971 267033
267033 33971
33971 268039
268039 33971
33971 269448
269448 33971
33971 270578
270578 33971
33971 270603
270603 33971
33971 272036
272036 33971
33971 273731
273731 33971
33971 273855
273855 33971
33971 288479
288479 33971
33971 290188
290188 33971
33971 292126
292126 33971
33971 294181
294181 33971
33971 295545
295545 33971
33971 295728
295728 33971
33971 296768
296768 33971
33971 301836
301836 33971
33971 303391
303391 33971
33971 312380
312380 33971
33971 313554
313554 33971
33971 315733
315733 33971
33971 316337
316337 33971
33971 316358
316358 33971
33971 317379
317379 33971
33971 322426
322426 33971
33971 325710
325710 33971
33971 326958
326958 33971
33971 327990
327990 33971
33971 328041
328041 33971
33971 331107
331107 33971
33971 331440
331440 33971
33971 333581
333581 33971
33971 333619
333619 33971
33971 341107
341107 33971
33971 342835
342835 33971
33971 343773
343773 33971
33971 345908
345908 33971
33971 347693
347693 33971
33971 348130
348130 33971
33971 350690
350690 33971
33971 352251
352251 33971
33971 353899
353899 33971
33971 358991
358991 33971
33971 359609
359609 33971
33971 364373
364373 33971
33971 367476
367476 33971
33971 367823
367823 33971
33971 368147
368147 33971
33971 370778
370778 33971
33971 371109
371109 33971
33971 373172
373172 33971
33971 374590
374590 33971
33971 379432
379432 33971
33971 383361
383361 33971
33971 383907
383907 33971
33971 384354
384354 33971
33971 385560
385560 33971
33971 387729
387729 33971
33971 387995
387995 33971
33971 388289
388289 33971
33971 389226
389226 33971
33971 397047
397047 33971
33971 397664
397664 33971
33971 399164
399164 33971
33971 400398
400398 33971
33971 407785
407785 33971
33971 410674
410674 33971
33971 413792
413792 33971
33971 417287
417287 33971
33971 417393
417393 33971
33971 418478
418478 33971
33971 419774
419774 33971
33971 433685
433685 33971
33971 436029
436029 33971
33971 440011
440011 33971
33971 444612
444612 33971
33971 456199
456199 33971
33971 464603
464603 33971
33971 471005
471005 33971
33971 473074
473074 33971
33971 481962
481962 33971
33971 483446
483446 33971
33971 484618
484618 33971
33971 487822
487822 33971
33971 488091
488091 33971
33971 497534
497534 33971
33971 507005
507005 33971
33971 510028
510028 33971
33971 510250
510250 33971
33971 512692
512692 33971
33971 521892
521892 33971
33971 523488
523488 33971
33971 524243
524243 33971
33971 527193
527193 33971
33971 529881
529881 33971
33971 530696
530696 33971
33971 533305
533305 33971
33971 536127
536127 33971
33971 538247
538247 33971
33971 538870
538870 33971
33971 541602
541602 33971
33971 543116
543116 33971
33971 543223
543223 33971
33971 546550
546550 33971
33971 547864
547864 33971
33971 550279
550279 33971
33971 553159
553159 33971
33971 559047
559047 33971
33971 559953
559953 33971
33971 568151
568151 33971
33971 568861
568861 33971
33971 571660
571660 33971
33971 583375
583375 33971
33971 585147
585147 33971
33971 592864
592864 33971
33971 597508
597508 33971
33971 597604
597604 33971
33971 608890
608890 33971
33971 611799
611799 33971
33971 611815
611815 33971
33971 622413
622413 33971
33971 627787
627787 33971
33971 631649
631649 33971
33971 634998
634998 33971
33971 636126
636126 33971
33971 641667
641667 33971
33971 647626
647626 33971
33971 649857
649857 33971
33971 650624
650624 33971
33971 650881
650881 33971
33971 663973
663973 33971
33971 670789
670789 33971
33971 672547
672547 33971
33971 672889
672889 33971
33971 675793
675793 33971
33971 686239
686239 33971
33971 697786
697786 33971
33971 699836
699836 33971
33971 706131
706131 33971
33971 708651
708651 33971
33971 716621
716621 33971
33971 717020
717020 33971
33971 731372
731372 33971
33971 733988
733988 33971
33971 739401
739401 33971
33971 740568
740568 33971
33971 743164
743164 33971
33971 749350
749350 33971
33971 753562
753562 33971
33971 755807
755807 33971
33971 760932
760932 33971
33971 761145
761145 33971
33971 767103
767103 33971
33971 769144
769144 33971
33971 803493
803493 33971
33971 803904
803904 33971
33971 824703
824703 33971
33971 828641
828641 33971
33971 837839
837839 33971
33971 838379
838379 33971
33971 841502
841502 33971
33971 852341
852341 33971
33971 861088
861088 33971
33971 862099
862099 33971
33971 870509
870509 33971
33971 874884
874884 33971
33971 876755
876755 33971
33971 879455
879455 33971
33971 898224
898224 33971
33971 901711
901711 33971
33971 912230
912230 33971
33971 945567
945567 33971
33971 950123
950123 33971
33971 950339
950339 33971
33971 968480
968480 33971
33971 972690
972690 33971
33971 977556
977556 33971
33971 977797
977797 33971
33971 982842
982842 33971
33971 987823
987823 33971
33971 990105
990105 33971
33971 992655
992655 33971
33971 1001649
1001649 33971
33971 1005953
1005953 33971
33971 1011720
1011720 33971
33971 1031035
1031035 33971
33971 1058501
1058501 33971
33971 1072739
1072739 33971
33971 1073794
1073794 33971
33971 1080321
1080321 33971
33971 1087101
1087101 33971
33971 1089999
1089999 33971
33971 1090156
1090156 33971
33971 1111023
1111023 33971
33971 1114067
1114067 33971
33971 1142757
1142757 33971
33971 1167272
1167272 33971
33971 1230086
1230086 33971
33971 1235793
1235793 33971
33971 1244445
1244445 33971
33971 1260696
1260696 33971
33971 1273441
1273441 33971
33971 1273969
1273969 33971
33971 1274394
1274394 33971
33971 1276897
1276897 33971
33971 1280313
1280313 33971
33971 1287518
1287518 33971
33971 1287924
1287924 33971
33971 1289706
1289706 33971
33971 1297215
1297215 33971
33971 1305580
1305580 33971
33971 1314568
1314568 33971
33971 1321491
1321491 33971
33971 1325203
1325203 33971
33971 1334749
1334749 33971
33971 1341632
1341632 33971
33971 1353647
1353647 33971
33971 1375058
1375058 33971
33971 1382558
1382558 33971
33971 1383965
1383965 33971
33971 1405759
1405759 33971
33971 1441329
1441329 33971
33971 1449677
1449677 33971
33971 1451075
1451075 33971
33971 1481085
1481085 33971
33971 1484180
1484180 33971
33971 1484996
1484996 33971
33971 1516546
1516546 33971
33971 1523310
1523310 33971
33971 1531948
1531948 33971
33971 1558163
1558163 33971
33971 1560551
1560551 33971
33971 1573031
1573031 33971
33971 1577555
1577555 33971
33971 1578403
1578403 33971
33971 1579009
1579009 33971
33971 1621882
1621882 33971
33971 1631423
1631423 33971
33971 1636272
1636272 33971
33971 1656294
1656294 33971
33971 1658481
1658481 33971
33971 1668511
1668511 33971
33971 1684982
1684982 33971
33971 1710425
1710425 33971
33971 1733105
1733105 33971
33971 1749780
1749780 33971
33971 1782741
1782741 33971
33971 1815015
1815015 33971
33971 1857256
1857256 33971
33971 1862884
1862884 33971
33971 1866308
1866308 33971
33971 1872825
1872825 33971
33971 1909563
1909563 33971
33971 1965177
1965177 33971
33971 1965612
1965612 33971
33971 1985759
1985759 33971
33971 1996309
1996309 33971
33971 2005366
2005366 33971
33971 2007761
2007761 33971
33971 2018234
2018234 33971
33971 2041488
2041488 33971
33971 2078760
2078760 33971
33971 2097527
2097527 33971
33971 2130716
2130716 33971
33971 2142194
2142194 33971
33971 2151778
2151778 33971
33971 2207662
2207662 33971
33971 2247541
2247541 33971
33971 2249257
2249257 33971
33971 2262494
2262494 33971
33971 2305359
2305359 33971
33971 2384639
2384639 33971
33971 2393226
2393226 33971
33971 2404009
2404009 33971
33971 2437067
2437067 33971
33971 2479084
2479084 33971
33971 2505467
2505467 33971
33971 2510625
2510625 33971
33971 2540130
2540130 33971
33971 2572247
2572247 33971
33971 2630361
2630361 33971
33971 2664185
2664185 33971
33971 2687956
2687956 33971
33971 2709036
2709036 33971
33971 2722474
2722474 33971
33971 2723146
2723146 33971
33971 2748425
2748425 33971
33971 2749213
2749213 33971
33971 2772583
2772583 33971
33971 2846380
2846380 33971
33971 2860473
2860473 33971
33971 2891596
2891596 33971
33971 2911008
2911008 33971
33971 2921797
2921797 33971
33971 2922864
2922864 33971
33971 2946210
2946210 33971
33971 2985247
2985247 33971
33971 2991283
2991283 33971
33971 3003672
3003672 33971
33971 3010271
3010271 33971
33971 3054398
3054398 33971
33971 3086072
3086072 33971
33971 3136179
3136179 33971
33971 3221629
3221629 33971
33971 3338712
3338712 33971
33971 3447751
3447751 33971
33971 3519312
3519312 33971
33971 3538496
3538496 33971
33971 3554208
3554208 33971
33971 3601808
3601808 33971
33971 3647175
3647175 33971
33971 3715848
3715848 33971
33971 3734205
3734205 33971
33971 3785611
3785611 33971
33971 3860838
3860838 33971
33971 3882714
3882714 33971
33971 3890773
3890773 33971
33971 4024914
4024914 33971
33971 4042784
4042784 33971
33971 4057957
4057957 33971
33971 4112631
4112631 33971
33971 4238428
4238428 33971
33971 4276536
4276536 33971
33971 4332528
4332528 33971
33971 4396203
4396203 33971
33971 4567001
4567001 33971
33971 4633816
4633816 33971
33971 4654976
4654976 33971
33971 4731003
4731003 33971
33971 4768467
4768467 33971
33971 4840252
4840252 33971
33971 5068548
5068548 33971
33971 5173006
5173006 33971
33971 5344973
5344973 33971
33971 5424421
5424421 33971
33971 5493067
5493067 33971
33971 5570108
5570108 33971
33971 5738082
5738082 33971
33971 5923866
5923866 33971
33971 5982880
5982880 33971
33971 6091154
6091154 33971
33971 6111557
6111557 33971
33971 6439595
6439595 33971
33971 6577397
6577397 33971
33971 6637348
6637348 33971
33971 6668485
6668485 33971
33971 6861288
6861288 33971
33971 7120093
7120093 33971
33971 7224157
7224157 33971
33971 7291638
7291638 33971
33971 7441851
7441851 33971
33971 7522490
7522490 33971
33971 7755357
7755357 33971
33971 7797104
7797104 33971
33971 7876758
7876758 33971
33971 7884286
7884286 33971
33971 8000414
8000414 33971
33971 8019360
8019360 33971
33971 8105531
8105531 33971
33971 8340594
8340594 33971
33971 8415925
8415925 33971
33971 8680833
8680833 33971
33971 8815717
8815717 33971
33971 8893303
8893303 33971
33971 8928630
8928630 33971
33971 9190649
9190649 33971
33971 9684807
9684807 33971
33971 9711348
9711348 33971
33971 9781194
9781194 33971
33971 9863817
9863817 33971
33971 9897629
9897629 33971
33971 10111701
10111701 33971
33971 10236854
10236854 33971
33971 10831154
10831154 33971
33971 11285412
11285412 33971
33971 11314123
11314123 33971
33971 11435462
11435462 33971
33971 11508320
11508320 33971
33971 11713143
11713143 33971
33971 11739127
11739127 33971
33971 11926236
11926236 33971
33971 11930047
11930047 33971
33971 12145631
12145631 33971
33971 12149988
12149988 33971
33971 12245304
12245304 33971
33971 12635016
12635016 33971
33971 12851737
12851737 33971
33971 12856312
12856312 33971
33971 13046619
13046619 33971
33971 13203968
13203968 33971
33971 13344881
13344881 33971
33971 13494699
13494699 33971
33971 13954364
13954364 33971
33971 13963813
13963813 33971
33971 14008320
14008320 33971
33971 14210221
14210221 33971
33971 14407611
14407611 33971
33971 15290615
15290615 33971
33971 16228208
16228208 33971
33971 16242085
16242085 33971
33971 17438603
17438603 33971
33971 17452816
17452816 33971
33971 17619659
17619659 33971
33971 18268173
18268173 33971
33971 18390632
18390632 33971
33971 18712499
18712499 33971
33971 19053259
19053259 33971
33971 19266756
19266756 33971
33971 19477789
19477789 33971
33971 20012025
20012025 33971
33971 20876091
20876091 33971
33971 20900928
20900928 33971
33971 21151674
21151674 33971
33971 21448705
21448705 33971
33971 21468345
21468345 33971
33971 22486006
22486006 33971
33971 22504005
22504005 33971
33971 22853328
22853328 33971
33971 23395792
23395792 33971
33971 23454009
23454009 33971
33971 23719498
23719498 33971
33971 23803808
23803808 33971
33971 24193310
24193310 33971
33971 24420260
24420260 33971
33971 25438339
25438339 33971
33971 26514097
26514097 33971
33971 26696976
26696976 33971
33971 27258264
27258264 33971
33971 27302804
27302804 33971
33971 27541324
27541324 33971
33971 27788798
27788798 33971
33971 29095357
29095357 33971
33971 29118692
29118692 33971
33971 29504959
29504959 33971
33971 31690553
31690553 33971
33971 31969367
31969367 33971
33971 32148919
32148919 33971
33971 33194511
33194511 33971
33971 34848862
34848862 33971
33971 35530947
35530947 33971
33971 35536009
35536009 33971
33971 35699394
35699394 33971
33971 35987467
35987467 33971
33971 36037121
36037121 33971
33971 36427646
36427646 33971
33971 36540126
36540126 33971
33971 36618391
36618391 33971
33971 37194161
37194161 33971
33971 37271326
37271326 33971
33971 39579679
39579679 33971
33971 40855690
40855690 33971
33971 41901553
41901553 33971
33971 42372926
42372926 33971
33971 43222970
43222970 33971
33971 43700867
43700867 33971
33971 43761782
43761782 33971
33971 44076489
44076489 33971
33971 44309147
44309147 33971
33971 44491777
44491777 33971
33971 44546177
44546177 33971
33971 46050049
46050049 33971
33971 46577641
46577641 33971
33971 46783520
46783520 33971
33971 49754910
49754910 33971
33971 53304172
53304172 33971
33971 53522173
53522173 33971
33971 53739862
53739862 33971
33971 57099523
57099523 33971
33971 59416057
59416057 33971
33971 60708436
60708436 33971
33971 61821654
61821654 33971
33971 65006914
65006914 33971
33971 66815238
66815238 33971
33971 67686328
67686328 33971
33971 67793945
67793945 33971
33971 69401709
69401709 33971
33971 71213664
71213664 33971
33971 71516273
71516273 33971
33971 71841105
71841105 33971
33971 71978389
71978389 33971
33971 72768483
72768483 33971
33971 72843068
72843068 33971
33971 73443044
73443044 33971
33971 79165191
79165191 33971
33971 80493656
80493656 33971
33971 80610739
80610739 33971
33971 82326507
82326507 33971
33971 82601253
82601253 33971
33971 83360582
83360582 33971
33971 83975026
83975026 33971
33971 84037567
84037567 33971
33971 86132538
86132538 33971
33971 88843764
88843764 33971
33971 88961037
88961037 33971
33971 91676235
91676235 33971
33971 93075357
93075357 33971
33971 94263504
94263504 33971
33971 95255231
95255231 33971
33971 96759505
96759505 33971
33971 97681706
97681706 33971
33971 97875993
97875993 33971
33971 98937485
98937485 33971
33971 100902202
100902202 33971
33971 101195825
101195825 33971
33971 102976906
102976906 33971
33971 108473140
108473140 33971
33971 109893513
109893513 33971
33971 112413864
112413864 33971
33971 114195956
114195956 33971
33971 117517413
117517413 33971
33971 119500561
119500561 33971
33971 121282791
121282791 33971
33971 121719997
121719997 33971
33971 122158429
122158429 33971
33971 123488220
123488220 33971
33971 125735064
125735064 33971
33971 131412450
131412450 33971
33971 131503478
131503478 33971
33971 132698183
132698183 33971
33971 133834894
133834894 33971
33971 134002787
134002787 33971
33971 134043892
134043892 33971
33971 135873396
135873396 33971
33971 140683021
140683021 33971
33971 141628895
141628895 33971
33971 142957738
142957738 33971
33971 143552596
143552596 33971
33971 143910105
143910105 33971
33971 144342594
144342594 33971
33971 145481608
145481608 33971
33971 145829992
145829992 33971
33971 145982103
145982103 33971
33971 147174029
147174029 33971
33971 150802113
150802113 33971
33971 153222240
153222240 33971
33971 153552377
153552377 33971
33971 154397851
154397851 33971
33971 155252764
155252764 33971
33971 155428966
155428966 33971
33971 156488949
156488949 33971
33971 157226368
157226368 33971
33971 157298323
157298323 33971
33971 161521153
161521153 33971
33971 161596299
161596299 33971
33971 162128114
162128114 33971
33971 166040985
166040985 33971
33971 166179528
166179528 33971
33971 166700414
166700414 33971
33971 167703505
167703505 33971
33971 168283639
168283639 33971
33971 168708452
168708452 33971
33971 173521469
173521469 33971
33971 173620364
173620364 33971
33971 173819311
173819311 33971
33971 174145854
174145854 33971
33971 174392872
174392872 33971
33971 175669335
175669335 33971
33971 176691749
176691749 33971
33971 177327362
177327362 33971
33971 177637918
177637918 33971
33971 178495218
178495218 33971
33971 180192504
180192504 33971
33971 180207733
180207733 33971
33971 184076139
184076139 33971
33971 184163155
184163155 33971
33971 185160272
185160272 33971
33971 185650070
185650070 33971
33971 186575489
186575489 33971
33971 187051485
187051485 33971
33971 187599731
187599731 33971
33971 188210170
188210170 33971
33971 188248909
188248909 33971
33971 189164699
189164699 33971
33971 189197238
189197238 33971
33971 189284668
189284668 33971
33971 189530689
189530689 33971
33971 192002512
192002512 33971
33971 195442301
195442301 33971
33971 195746703
195746703 33971
33971 195948688
195948688 33971
33971 196647079
196647079 33971
33971 196966060
196966060 33971
33971 197134320
197134320 33971
33971 197174329
197174329 33971
33971 197498178
197498178 33971
33971 198319331
198319331 33971
33971 199266658
199266658 33971
33971 200284808
200284808 33971
33971 202466784
202466784 33971
33971 202793792
202793792 33971
33971 204209123
204209123 33971
33971 204399301
204399301 33971
33971 207764856
207764856 33971
33971 208098044
208098044 33971
33971 208880963
208880963 33971
33971 212432883
212432883 33971
33971 213049444
213049444 33971
33971 213086540
213086540 33971
33971 214060150
214060150 33971
33971 214137096
214137096 33971
33971 216040931
216040931 33971
33971 216651579
216651579 33971
33971 216808773
216808773 33971
33971 218342257
218342257 33971
33971 218939245
218939245 33971
33971 219644978
219644978 33971
33971 221013718
221013718 33971
33971 222579997
222579997 33971
33971 223170858
223170858 33971
33971 223251048
223251048 33971
33971 223639738
223639738 33971
33971 224671533
224671533 33971
33971 224805612
224805612 33971
33971 225016008
225016008 33971
33971 225518766
225518766 33971
33971 225876966
225876966 33971
33971 227303212
227303212 33971
33971 227557098
227557098 33971
33971 231069340
231069340 33971
33971 233473829
233473829 33971
33971 234307504
234307504 33971
33971 235018546
235018546 33971
33971 240767527
240767527 33971
33971 240861596
240861596 33971
33971 241040701
241040701 33971
33971 244375371
244375371 33971
33971 244458958
244458958 33971
33971 244813494
244813494 33971
33971 247355757
247355757 33971
33971 247637739
247637739 33971
33971 253223664
253223664 33971
33971 253346213
253346213 33971
33971 254134870
254134870 33971
33971 254844621
254844621 33971
33971 257587192
257587192 33971
33971 265112137
265112137 33971
294916 1380
1380 294916
294916 12067
12067 294916
294916 28094
28094 294916
294916 33147
33147 294916
294916 34855
34855 294916
294916 42072
42072 294916
294916 47578
47578 294916
294916 51747
51747 294916
294916 52225
52225 294916
294916 52587
52587 294916
294916 54424
54424 294916
294916 55143
55143 294916
294916 58551
58551 294916
294916 60045
60045 294916
294916 65151
65151 294916
294916 66828
66828 294916
294916 73888
73888 294916
294916 74229
74229 294916
294916 77249
77249 294916
294916 88177
88177 294916
294916 95301
95301 294916
294916 95936
95936 294916
294916 98879
98879 294916
294916 103343
103343 294916
294916 108182
108182 294916
294916 108205
108205 294916
294916 114806
114806 294916
294916 116526
116526 294916
294916 126102
126102 294916
294916 147990
147990 294916
294916 155410
155410 294916
294916 159792
159792 294916
294916 189103
189103 294916
294916 191676
191676 294916
294916 200031
200031 294916
294916 205513
205513 294916
294916 205711
205711 294916
294916 213030
213030 294916
294916 216844
216844 294916
294916 221805
221805 294916
294916 253832
253832 294916
294916 262078
262078 294916
294916 271493
271493 294916
294916 286976
286976 294916
294916 294446
294446 294916
294916 296170
296170 294916
294916 326396
326396 294916
294916 338679
338679 294916
294916 345924
345924 294916
294916 375272
375272 294916
294916 376704
376704 294916
294916 378069
378069 294916
294916 381540
381540 294916
294916 382280
382280 294916
294916 386183
386183 294916
294916 402993
402993 294916
294916 403150
403150 294916
294916 425045
425045 294916
294916 439457
439457 294916
294916 444612
444612 294916
294916 460300
460300 294916
294916 480621
480621 294916
294916 482092
482092 294916
294916 497712
497712 294916
294916 500578
500578 294916
294916 516727
516727 294916
294916 523290
523290 294916
294916 529158
529158 294916
294916 532242
532242 294916
294916 561249
561249 294916
294916 565333
565333 294916
294916 571039
571039 294916
294916 572131
572131 294916
294916 589164
589164 294916
294916 618598
618598 294916
294916 642528
642528 294916
294916 647673
647673 294916
294916 649417
649417 294916
294916 649857
649857 294916
294916 709713
709713 294916
294916 753742
753742 294916
294916 758622
758622 294916
294916 759296
759296 294916
294916 767610
767610 294916
294916 785049
785049 294916
294916 796350
796350 294916
294916 812284
812284 294916
294916 828391
828391 294916
294916 854537
854537 294916
294916 856841
856841 294916
294916 930929
930929 294916
294916 931686
931686 294916
294916 1041386
1041386 294916
294916 1101819
1101819 294916
294916 1103685
1103685 294916
294916 1149851
1149851 294916
294916 1189396
1189396 294916
294916 1200298
1200298 294916
294916 1202518
1202518 294916
294916 1237556
1237556 294916
294916 1244445
1244445 294916
294916 1256295
1256295 294916
294916 1272023
1272023 294916
294916 1277420
1277420 294916
294916 1342331
1342331 294916
294916 1449163
1449163 294916
294916 1471148
1471148 294916
294916 1555647
1555647 294916
294916 1575002
1575002 294916
294916 1617673
1617673 294916
294916 1647060
1647060 294916
294916 1649028
1649028 294916
294916 1650969
1650969 294916
294916 1720270
1720270 294916
294916 1724527
1724527 294916
294916 1729019
1729019 294916
294916 1789067
1789067 294916
294916 2245605
2245605 294916
294916 2373033
2373033 294916
294916 2734205
2734205 294916
294916 2801524
2801524 294916
294916 2947816
2947816 294916
294916 3025389
3025389 294916
294916 3110699
3110699 294916
294916 3273917
3273917 294916
294916 3327208
3327208 294916
294916 3535168
3535168 294916
294916 3764684
3764684 294916
294916 3833074
3833074 294916
294916 4018988
4018988 294916
294916 4025154
4025154 294916
294916 4733917
4733917 294916
294916 5113103
5113103 294916
294916 5522484
5522484 294916
294916 5625307
5625307 294916
294916 6281606
6281606 294916
294916 7000862
7000862 294916
294916 7678501
7678501 294916
294916 8264507
8264507 294916
294916 8905166
8905166 294916
294916 9018193
9018193 294916
294916 9127756
9127756 294916
294916 13538537
13538537 294916
294916 14393819
14393819 294916
294916 15034128
15034128 294916
294916 16014944
16014944 294916
294916 16160151
16160151 294916
294916 16721061
16721061 294916
294916 18554041
18554041 294916
294916 20740810
20740810 294916
294916 20884129
20884129 294916
294916 21887838
21887838 294916
294916 25062879
25062879 294916
294916 25227034
25227034 294916
294916 27586740
27586740 294916
294916 30449977
30449977 294916
294916 32221281
32221281 294916
294916 40000903
40000903 294916
294916 41620488
41620488 294916
294916 42232303
42232303 294916
294916 47505508
47505508 294916
294916 56837420
56837420 294916
294916 64852572
64852572 294916
294916 69237826
69237826 294916
294916 70889715
70889715 294916
294916 71773626
71773626 294916
294916 71902450
71902450 294916
294916 79501387
79501387 294916
294916 82535018
82535018 294916
294916 84818192
84818192 294916
294916 85089172
85089172 294916
294916 91751209
91751209 294916
294916 95800456
95800456 294916
294916 99181270
99181270 294916
294916 114691921
114691921 294916
294916 117799457
117799457 294916
294916 151506240
151506240 294916
294916 152978736
152978736 294916
294916 156538956
156538956 294916
294916 156741138
156741138 294916
294916 168283639
168283639 294916
294916 170313374
170313374 294916
294916 171798689
171798689 294916
294916 196563881
196563881 294916
294916 255665737
255665737 294916
1540885 42169
42169 1540885
1540885 54424
54424 1540885
1540885 118495
118495 1540885
1540885 196003
196003 1540885
1540885 530904
530904 1540885
1540885 734009
734009 1540885
1540885 805460
805460 1540885
1540885 1432531
1432531 1540885
1540885 1508298
1508298 1540885
1540885 1574910
1574910 1540885
1540885 1709946
1709946 1540885
1540885 4079682
4079682 1540885
1540885 4159121
4159121 1540885
1540885 5677448
5677448 1540885
1540885 6321097
6321097 1540885
1540885 11284987
11284987 1540885
1540885 13068173
13068173 1540885
1540885 14062403
14062403 1540885
1540885 42143690
42143690 1540885
1540885 116091772
116091772 1540885
1540885 204578517
204578517 1540885
54424 32552
32552 54424
54424 33971
33971 54424
54424 83165
83165 54424
54424 249786
249786 54424
54424 255556
255556 54424
54424 267033
267033 54424
54424 294916
294916 54424
54424 434559
434559 54424
54424 886935
886935 54424
54424 1540885
1540885 54424
54424 1649915
1649915 54424
54424 7232122
7232122 54424
54424 7335717
7335717 54424
54424 31518664
31518664 54424
83165 565
565 83165
83165 1907
1907 83165
83165 2103
2103 83165
83165 24329
24329 83165
83165 33040
33040 83165
83165 44229
44229 83165
83165 46209
46209 83165
83165 54424
54424 83165
83165 59494
59494 83165
83165 65915
65915 83165
83165 74158
74158 83165
83165 75044
75044 83165
83165 79094
79094 83165
83165 83550
83550 83165
83165 84465
84465 83165
83165 87498
87498 83165
83165 91433
91433 83165
83165 92234
92234 83165
83165 96498
96498 83165
83165 110719
110719 83165
83165 113996
113996 83165
83165 116419
116419 83165
83165 120178
120178 83165
83165 127216
127216 83165
83165 128362
128362 83165
83165 129833
129833 83165
83165 132479
132479 83165
83165 132979
132979 83165
83165 136979
136979 83165
83165 137923
137923 83165
83165 137931
137931 83165
83165 143797
143797 83165
83165 148047
148047 83165
83165 150293
150293 83165
83165 151476
151476 83165
83165 151956
151956 83165
83165 162393
162393 83165
83165 167724
167724 83165
83165 170683
170683 83165
83165 173621
173621 83165
83165 180154
180154 83165
83165 187676
187676 83165
83165 190991
190991 83165
83165 197987
197987 83165
83165 201246
201246 83165
83165 205601
205601 83165
83165 214005
214005 83165
83165 221331
221331 83165
83165 232030
232030 83165
83165 236602
236602 83165
83165 253806
253806 83165
83165 256959
256959 83165
83165 265207
265207 83165
83165 274053
274053 83165
83165 277339
277339 83165
83165 278123
278123 83165
83165 292947
292947 83165
83165 300603
300603 83165
83165 320045
320045 83165
83165 345612
345612 83165
83165 352309
352309 83165
83165 368107
368107 83165
83165 385039
385039 83165
83165 385096
385096 83165
83165 407558
407558 83165
83165 415904
415904 83165
83165 435035
435035 83165
83165 457866
457866 83165
83165 465388
465388 83165
83165 467184
467184 83165
83165 471397
471397 83165
83165 489203
489203 83165
83165 520429
520429 83165
83165 524534
524534 83165
83165 533139
533139 83165
83165 534461
534461 83165
83165 557760
557760 83165
83165 643597
643597 83165
83165 827946
827946 83165
83165 864880
864880 83165
83165 872000
872000 83165
83165 898343
898343 83165
83165 911784
911784 83165
83165 965289
965289 83165
83165 975914
975914 83165
83165 976095
976095 83165
83165 989300
989300 83165
83165 992969
992969 83165
83165 1003846
1003846 83165
83165 1136831
1136831 83165
83165 1183484
1183484 83165
83165 1197749
1197749 83165
83165 1251369
1251369 83165
83165 1342890
1342890 83165
83165 1344505
1344505 83165
83165 1435093
1435093 83165
83165 1444369
1444369 83165
83165 1500481
1500481 83165
83165 1517468
1517468 83165
83165 1572354
1572354 83165
83165 1662924
1662924 83165
83165 1872323
1872323 83165
83165 1966986
1966986 83165
83165 2092773
2092773 83165
83165 2173276
2173276 83165
83165 2237938
2237938 83165
83165 2429322
2429322 83165
83165 2821223
2821223 83165
83165 4307725
4307725 83165
83165 4359968
4359968 83165
83165 4777496
4777496 83165
83165 5491917
5491917 83165
83165 5600508
5600508 83165
83165 6150378
6150378 83165
83165 8320667
8320667 83165
83165 8411149
8411149 83165
83165 10216730
10216730 83165
83165 16330723
16330723 83165
83165 17204899
17204899 83165
83165 23651552
23651552 83165
83165 37688288
37688288 83165
83165 47562335
47562335 83165
83165 49308365
49308365 83165
83165 51193808
51193808 83165
83165 89499631
89499631 83165
83165 141873395
141873395 83165
83165 143709702
143709702 83165
83165 148236505
148236505 83165
83165 152574308
152574308 83165
83165 221791876
221791876 83165
83165 223813002
223813002 83165
83165 230105595
230105595 83165
886935 8224
8224 886935
886935 21431
21431 886935
886935 34433
34433 886935
886935 41136
41136 886935
886935 46348
46348 886935
886935 54424
54424 886935
886935 64202
64202 886935
886935 65502
65502 886935
886935 68038
68038 886935
886935 73690
73690 886935
886935 79060
79060 886935
886935 80672
80672 886935
886935 86607
86607 886935
886935 94055
94055 886935
886935 104733
104733 886935
886935 111272
111272 886935
886935 115566
115566 886935
886935 127897
127897 886935
886935 135247
135247 886935
886935 141977
141977 886935
886935 154868
154868 886935
886935 156711
156711 886935
886935 172573
172573 886935
886935 185776
185776 886935
886935 196003
196003 886935
886935 226251
226251 886935
886935 226724
226724 886935
886935 235252
235252 886935
886935 236955
236955 886935
886935 240531
240531 886935
886935 245361
245361 886935
886935 250829
250829 886935
886935 251809
251809 886935
886935 255556
255556 886935
886935 259955
259955 886935
886935 261553
261553 886935
886935 293943
293943 886935
886935 334446
334446 886935
886935 352191
352191 886935
886935 356181
356181 886935
886935 361724
361724 886935
886935 374197
374197 886935
886935 381817
381817 886935
886935 391962
391962 886935
886935 408559
408559 886935
886935 412452
412452 886935
886935 414428
414428 886935
886935 416430
416430 886935
886935 431104
431104 886935
886935 434559
434559 886935
886935 437164
437164 886935
886935 437205
437205 886935
886935 438082
438082 886935
886935 451325
451325 886935
886935 469913
469913 886935
886935 481358
481358 886935
886935 491466
491466 886935
886935 497061
497061 886935
886935 498462
498462 886935
886935 520970
520970 886935
886935 532265
532265 886935
886935 542989
542989 886935
886935 547261
547261 886935
886935 557944
557944 886935
886935 563578
563578 886935
886935 565260
565260 886935
886935 569008
569008 886935
886935 592009
592009 886935
886935 594095
594095 886935
886935 613683
613683 886935
886935 618009
618009 886935
886935 618673
618673 886935
886935 646202
646202 886935
886935 665349
665349 886935
886935 669250
669250 886935
886935 671871
671871 886935
886935 699040
699040 886935
886935 708187
708187 886935
886935 721506
721506 886935
886935 726461
726461 886935
886935 736714
736714 886935
886935 745619
745619 886935
886935 752522
752522 886935
886935 769079
769079 886935
886935 776221
776221 886935
886935 807637
807637 886935
886935 820844
820844 886935
886935 841139
841139 886935
886935 851662
851662 886935
886935 862291
862291 886935
886935 872775
872775 886935
886935 893565
893565 886935
886935 934704
934704 886935
886935 942942
942942 886935
886935 959030
959030 886935
886935 971411
971411 886935
886935 1052933
1052933 886935
886935 1092237
1092237 886935
886935 1113375
1113375 886935
886935 1121045
1121045 886935
886935 1190498
1190498 886935
886935 1191989
1191989 886935
886935 1283315
1283315 886935
886935 1290353
1290353 886935
886935 1294329
1294329 886935
886935 1313364
1313364 886935
886935 1331658
1331658 886935
886935 1402949
1402949 886935
886935 1442180
1442180 886935
886935 1450882
1450882 886935
886935 1459483
1459483 886935
886935 1514370
1514370 886935
886935 1533284
1533284 886935
886935 1580048
1580048 886935
886935 1649915
1649915 886935
886935 1650295
1650295 886935
886935 1662303
1662303 886935
886935 1716004
1716004 886935
886935 1846274
1846274 886935
886935 1867226
1867226 886935
886935 2041981
2041981 886935
886935 2056272
2056272 886935
886935 2056722
2056722 886935
886935 2070405
2070405 886935
886935 2081236
2081236 886935
886935 2097972
2097972 886935
886935 2120773
2120773 886935
886935 2134555
2134555 886935
886935 2201851
2201851 886935
886935 2227151
2227151 886935
886935 2400316
2400316 886935
886935 2424252
2424252 886935
886935 2439483
2439483 886935
886935 2588481
2588481 886935
886935 2761650
2761650 886935
886935 2799529
2799529 886935
886935 3059120
3059120 886935
886935 3487463
3487463 886935
886935 3882299
3882299 886935
886935 4101542
4101542 886935
886935 4801448
4801448 886935
886935 4884092
4884092 886935
886935 4898497
4898497 886935
886935 5418087
5418087 886935
886935 5638115
5638115 886935
886935 5677448
5677448 886935
886935 5878248
5878248 886935
886935 6202002
6202002 886935
886935 6321097
6321097 886935
886935 6346740
6346740 886935
886935 6653908
6653908 886935
886935 6696986
6696986 886935
886935 6891639
6891639 886935
886935 7019182
7019182 886935
886935 7165138
7165138 886935
886935 7335717
7335717 886935
886935 7494367
7494367 886935
886935 7978113
7978113 886935
886935 8091490
8091490 886935
886935 8216112
8216112 886935
886935 8329750
8329750 886935
886935 8391414
8391414 886935
886935 8559137
8559137 886935
886935 8841472
8841472 886935
886935 9331526
9331526 886935
886935 9336135
9336135 886935
886935 11359701
11359701 886935
886935 11460281
11460281 886935
886935 12212467
12212467 886935
886935 13137545
13137545 886935
886935 13234835
13234835 886935
886935 14542089
14542089 886935
886935 14610596
14610596 886935
886935 14663272
14663272 886935
886935 15648703
15648703 886935
886935 16801722
16801722 886935
886935 17385163
17385163 886935
886935 18768473
18768473 886935
886935 18800261
18800261 886935
886935 19382525
19382525 886935
886935 19797050
19797050 886935
886935 20322609
20322609 886935
886935 23064352
23064352 886935
886935 23410687
23410687 886935
886935 24361310
24361310 886935
886935 27177125
27177125 886935
886935 27207093
27207093 886935
886935 28897656
28897656 886935
886935 31500501
31500501 886935
886935 38024385
38024385 886935
886935 40749252
40749252 886935
886935 42397590
42397590 886935
886935 44146369
44146369 886935
886935 44409843
44409843 886935
886935 44942182
44942182 886935
886935 46187618
46187618 886935
886935 50959802
50959802 886935
886935 55638897
55638897 886935
886935 58436282
58436282 886935
886935 58506753
58506753 886935
886935 73773094
73773094 886935
886935 76658495
76658495 886935
886935 89227228
89227228 886935
886935 90006401
90006401 886935
886935 90456109
90456109 886935
886935 95772928
95772928 886935
886935 96082648
96082648 886935
886935 129151436
129151436 886935
886935 131653287
131653287 886935
886935 132589280
132589280 886935
886935 135933075
135933075 886935
886935 151484025
151484025 886935
886935 155556443
155556443 886935
886935 163380742
163380742 886935
886935 166868642
166868642 886935
886935 168283639
168283639 886935
886935 168432203
168432203 886935
886935 173954485
173954485 886935
886935 176727017
176727017 886935
886935 184159691
184159691 886935
886935 185901911
185901911 886935
886935 199437416
199437416 886935
886935 201092584
201092584 886935
886935 212560646
212560646 886935
886935 217546987
217546987 886935
