37779722 2685
2685 37779722
37779722 3116
3116 37779722
37779722 3461
3461 37779722
37779722 3768
3768 37779722
37779722 6132
6132 37779722
37779722 6721
6721 37779722
37779722 7006
7006 37779722
37779722 8536
8536 37779722
37779722 11021
11021 37779722
37779722 11619
11619 37779722
37779722 12971
12971 37779722
37779722 15574
15574 37779722
37779722 18869
18869 37779722
37779722 19025
19025 37779722
37779722 19307
19307 37779722
37779722 28341
28341 37779722
37779722 33842
33842 37779722
37779722 39628
39628 37779722
37779722 40813
40813 37779722
37779722 41761
41761 37779722
37779722 42759
42759 37779722
37779722 43238
43238 37779722
37779722 48276
48276 37779722
37779722 52173
52173 37779722
37779722 53220
53220 37779722
37779722 54419
54419 37779722
37779722 55482
55482 37779722
37779722 56931
56931 37779722
37779722 63994
63994 37779722
37779722 69622
69622 37779722
37779722 75342
75342 37779722
37779722 84440
84440 37779722
37779722 87266
87266 37779722
37779722 89800
89800 37779722
37779722 90102
90102 37779722
37779722 90764
90764 37779722
37779722 91903
91903 37779722
37779722 93018
93018 37779722
37779722 100971
100971 37779722
37779722 106781
106781 37779722
37779722 108766
108766 37779722
37779722 110588
110588 37779722
37779722 111777
111777 37779722
37779722 119056
119056 37779722
37779722 119588
119588 37779722
37779722 124971
124971 37779722
37779722 127373
127373 37779722
37779722 129588
129588 37779722
37779722 130518
130518 37779722
37779722 131500
131500 37779722
37779722 132028
132028 37779722
37779722 132331
132331 37779722
37779722 137767
137767 37779722
37779722 138410
138410 37779722
37779722 143014
143014 37779722
37779722 150135
150135 37779722
37779722 152470
152470 37779722
37779722 190571
190571 37779722
37779722 192706
192706 37779722
37779722 195887
195887 37779722
37779722 228297
228297 37779722
37779722 237221
237221 37779722
37779722 244959
244959 37779722
37779722 250345
250345 37779722
37779722 255178
255178 37779722
37779722 267273
267273 37779722
37779722 269144
269144 37779722
37779722 274959
274959 37779722
37779722 277550
277550 37779722
37779722 285388
285388 37779722
37779722 289876
289876 37779722
37779722 301710
301710 37779722
37779722 306180
306180 37779722
37779722 331749
331749 37779722
37779722 333768
333768 37779722
37779722 335905
335905 37779722
37779722 359389
359389 37779722
37779722 361477
361477 37779722
37779722 362874
362874 37779722
37779722 369174
369174 37779722
37779722 384697
384697 37779722
37779722 400654
400654 37779722
37779722 403284
403284 37779722
37779722 404129
404129 37779722
37779722 417717
417717 37779722
37779722 424244
424244 37779722
37779722 427721
427721 37779722
37779722 449556
449556 37779722
37779722 480196
480196 37779722
37779722 482983
482983 37779722
37779722 483264
483264 37779722
37779722 485624
485624 37779722
37779722 491922
491922 37779722
37779722 520805
520805 37779722
37779722 536178
536178 37779722
37779722 538635
538635 37779722
37779722 555511
555511 37779722
37779722 612670
612670 37779722
37779722 618399
618399 37779722
37779722 619174
619174 37779722
37779722 632238
632238 37779722
37779722 648014
648014 37779722
37779722 681423
681423 37779722
37779722 689496
689496 37779722
37779722 699473
699473 37779722
37779722 746239
746239 37779722
37779722 750623
750623 37779722
37779722 776496
776496 37779722
37779722 776750
776750 37779722
37779722 781229
781229 37779722
37779722 840736
840736 37779722
37779722 859951
859951 37779722
37779722 888469
888469 37779722
37779722 894214
894214 37779722
37779722 911203
911203 37779722
37779722 922936
922936 37779722
37779722 931888
931888 37779722
37779722 990759
990759 37779722
37779722 993096
993096 37779722
37779722 1021704
1021704 37779722
37779722 1090524
1090524 37779722
37779722 1137230
1137230 37779722
37779722 1141320
1141320 37779722
37779722 1298841
1298841 37779722
37779722 1436137
1436137 37779722
37779722 1473788
1473788 37779722
37779722 1475134
1475134 37779722
37779722 1569569
1569569 37779722
37779722 1582176
1582176 37779722
37779722 1594493
1594493 37779722
37779722 1602987
1602987 37779722
37779722 1627491
1627491 37779722
37779722 1644239
1644239 37779722
37779722 1645387
1645387 37779722
37779722 1647962
1647962 37779722
37779722 1687457
1687457 37779722
37779722 1744971
1744971 37779722
37779722 1749597
1749597 37779722
37779722 1758190
1758190 37779722
37779722 1776310
1776310 37779722
37779722 1776899
1776899 37779722
37779722 1807331
1807331 37779722
37779722 1823072
1823072 37779722
37779722 1826909
1826909 37779722
37779722 1890832
1890832 37779722
37779722 1932963
1932963 37779722
37779722 1987726
1987726 37779722
37779722 1991671
1991671 37779722
37779722 1993145
1993145 37779722
37779722 2021826
2021826 37779722
37779722 2023948
2023948 37779722
37779722 2161188
2161188 37779722
37779722 2165494
2165494 37779722
37779722 2310994
2310994 37779722
37779722 2497663
2497663 37779722
37779722 2649964
2649964 37779722
37779722 2672919
2672919 37779722
37779722 2801390
2801390 37779722
37779722 3003400
3003400 37779722
37779722 3007867
3007867 37779722
37779722 3054310
3054310 37779722
37779722 3106669
3106669 37779722
37779722 3300392
3300392 37779722
37779722 3328296
3328296 37779722
37779722 3354646
3354646 37779722
37779722 3605174
3605174 37779722
37779722 3637062
3637062 37779722
37779722 3680017
3680017 37779722
37779722 3714085
3714085 37779722
37779722 3824752
3824752 37779722
37779722 3840341
3840341 37779722
37779722 3858766
3858766 37779722
37779722 4218216
4218216 37779722
37779722 4224931
4224931 37779722
37779722 4280725
4280725 37779722
37779722 4302179
4302179 37779722
37779722 4407983
4407983 37779722
37779722 4410650
4410650 37779722
37779722 4680125
4680125 37779722
37779722 4739792
4739792 37779722
37779722 4781858
4781858 37779722
37779722 5006618
5006618 37779722
37779722 5059180
5059180 37779722
37779722 5121178
5121178 37779722
37779722 5207333
5207333 37779722
37779722 5399200
5399200 37779722
37779722 5469382
5469382 37779722
37779722 5570428
5570428 37779722
37779722 5627622
5627622 37779722
37779722 5680911
5680911 37779722
37779722 5724886
5724886 37779722
37779722 6052240
6052240 37779722
37779722 6208673
6208673 37779722
37779722 6419158
6419158 37779722
37779722 6421840
6421840 37779722
37779722 6460764
6460764 37779722
37779722 6599206
6599206 37779722
37779722 7001690
7001690 37779722
37779722 7182223
7182223 37779722
37779722 7515777
7515777 37779722
37779722 7531596
7531596 37779722
37779722 7589512
7589512 37779722
37779722 7717973
7717973 37779722
37779722 7915065
7915065 37779722
37779722 8025745
8025745 37779722
37779722 8173481
8173481 37779722
37779722 8182537
8182537 37779722
37779722 8851111
8851111 37779722
37779722 8854079
8854079 37779722
37779722 9411223
9411223 37779722
37779722 9677273
9677273 37779722
37779722 10281080
10281080 37779722
37779722 11828967
11828967 37779722
37779722 12505942
12505942 37779722
37779722 13818320
13818320 37779722
37779722 13855827
13855827 37779722
37779722 13941044
13941044 37779722
37779722 14139340
14139340 37779722
37779722 14153011
14153011 37779722
37779722 15658255
15658255 37779722
37779722 15948547
15948547 37779722
37779722 16558163
16558163 37779722
37779722 16646076
16646076 37779722
37779722 16723071
16723071 37779722
37779722 16727607
16727607 37779722
37779722 16928546
16928546 37779722
37779722 17132001
17132001 37779722
37779722 17198038
17198038 37779722
37779722 17280901
17280901 37779722
37779722 17839949
17839949 37779722
37779722 18052866
18052866 37779722
37779722 18064097
18064097 37779722
37779722 18238689
18238689 37779722
37779722 19200970
19200970 37779722
37779722 19739375
19739375 37779722
37779722 19800392
19800392 37779722
37779722 20261500
20261500 37779722
37779722 20351160
20351160 37779722
37779722 21460521
21460521 37779722
37779722 21832125
21832125 37779722
37779722 22240558
22240558 37779722
37779722 22254130
22254130 37779722
37779722 22313160
22313160 37779722
37779722 23459913
23459913 37779722
37779722 24366275
24366275 37779722
37779722 26031750
26031750 37779722
37779722 27741066
27741066 37779722
37779722 27835521
27835521 37779722
37779722 28486783
28486783 37779722
37779722 29044804
29044804 37779722
37779722 29294051
29294051 37779722
37779722 29782871
29782871 37779722
37779722 30483760
30483760 37779722
37779722 31722616
31722616 37779722
37779722 31728526
31728526 37779722
37779722 32193746
32193746 37779722
37779722 32452053
32452053 37779722
37779722 32454023
32454023 37779722
37779722 33030647
33030647 37779722
37779722 33102997
33102997 37779722
37779722 33748182
33748182 37779722
37779722 37539484
37539484 37779722
37779722 41135611
41135611 37779722
37779722 43655601
43655601 37779722
37779722 44648638
44648638 37779722
37779722 45668519
45668519 37779722
37779722 46047658
46047658 37779722
37779722 48749566
48749566 37779722
37779722 49913772
49913772 37779722
37779722 50071342
50071342 37779722
37779722 54142446
54142446 37779722
37779722 54211063
54211063 37779722
37779722 57307650
57307650 37779722
37779722 58302708
58302708 37779722
37779722 59132737
59132737 37779722
37779722 68031290
68031290 37779722
37779722 68374435
68374435 37779722
37779722 77523941
77523941 37779722
37779722 81467224
81467224 37779722
37779722 84615994
84615994 37779722
37779722 84950413
84950413 37779722
37779722 85104259
85104259 37779722
37779722 86820893
86820893 37779722
37779722 90488205
90488205 37779722
37779722 92177746
92177746 37779722
37779722 94087394
94087394 37779722
37779722 99949148
99949148 37779722
37779722 101670052
101670052 37779722
37779722 104133654
104133654 37779722
37779722 106032854
106032854 37779722
37779722 109032829
109032829 37779722
37779722 110695948
110695948 37779722
37779722 111811637
111811637 37779722
37779722 114093355
114093355 37779722
37779722 124743752
124743752 37779722
37779722 133039085
133039085 37779722
37779722 139195016
139195016 37779722
37779722 139435977
139435977 37779722
37779722 144209741
144209741 37779722
37779722 145497591
145497591 37779722
37779722 146180518
146180518 37779722
37779722 154263023
154263023 37779722
37779722 155729406
155729406 37779722
37779722 162336171
162336171 37779722
37779722 168823850
168823850 37779722
37779722 172344635
172344635 37779722
37779722 177151918
177151918 37779722
37779722 178712974
178712974 37779722
37779722 181299745
181299745 37779722
37779722 182386761
182386761 37779722
37779722 187425073
187425073 37779722
37779722 198212323
198212323 37779722
37779722 206891687
206891687 37779722
37779722 212104417
212104417 37779722
37779722 218216029
218216029 37779722
37779722 219899581
219899581 37779722
37779722 220215841
220215841 37779722
37779722 221713398
221713398 37779722
37779722 226673755
226673755 37779722
37779722 228495186
228495186 37779722
37779722 238652948
238652948 37779722
37779722 245685533
245685533 37779722
37779722 247833164
247833164 37779722
37779722 251515867
251515867 37779722
37779722 252234085
252234085 37779722
37779722 259721137
259721137 37779722
37779722 265156917
265156917 37779722
37779722 266144355
266144355 37779722
37779722 266861627
266861627 37779722
37779722 267807174
267807174 37779722
42759 37779722
37779722 42759
