160140243 30102
30102 160140243
160140243 6334302
6334302 160140243
160140243 6843180
6843180 160140243
160140243 10910874
10910874 160140243
160140243 12638987
12638987 160140243
160140243 15258762
15258762 160140243
160140243 15456676
15456676 160140243
160140243 16679090
16679090 160140243
160140243 21139825
21139825 160140243
160140243 21925733
21925733 160140243
160140243 23483903
23483903 160140243
160140243 25846864
25846864 160140243
160140243 34832324
34832324 160140243
160140243 38730269
38730269 160140243
160140243 40079545
40079545 160140243
160140243 41865005
41865005 160140243
160140243 45528491
45528491 160140243
160140243 48196244
48196244 160140243
160140243 50425638
50425638 160140243
160140243 51457025
51457025 160140243
160140243 52559271
52559271 160140243
160140243 55497631
55497631 160140243
160140243 59293291
59293291 160140243
160140243 62214640
62214640 160140243
160140243 62930161
62930161 160140243
160140243 63617525
63617525 160140243
160140243 64252565
64252565 160140243
160140243 64267959
64267959 160140243
160140243 71953674
71953674 160140243
160140243 72194214
72194214 160140243
160140243 72803423
72803423 160140243
160140243 73414241
73414241 160140243
160140243 73556668
73556668 160140243
160140243 74570011
74570011 160140243
160140243 75426716
75426716 160140243
160140243 76204775
76204775 160140243
160140243 76242679
76242679 160140243
160140243 82517207
82517207 160140243
160140243 82620477
82620477 160140243
160140243 83336306
83336306 160140243
160140243 83734474
83734474 160140243
160140243 86303532
86303532 160140243
160140243 86662082
86662082 160140243
160140243 86720100
86720100 160140243
160140243 89189425
89189425 160140243
160140243 90265086
90265086 160140243
160140243 92192252
92192252 160140243
160140243 93980995
93980995 160140243
160140243 95189390
95189390 160140243
160140243 95498763
95498763 160140243
160140243 95701684
95701684 160140243
160140243 95797579
95797579 160140243
160140243 96348200
96348200 160140243
160140243 98950545
98950545 160140243
160140243 98973030
98973030 160140243
160140243 101753185
101753185 160140243
160140243 104540464
104540464 160140243
160140243 104590751
104590751 160140243
160140243 108969315
108969315 160140243
160140243 110836438
110836438 160140243
160140243 112845878
112845878 160140243
160140243 113775716
113775716 160140243
160140243 116211773
116211773 160140243
160140243 116645546
116645546 160140243
160140243 117988403
117988403 160140243
160140243 119215877
119215877 160140243
160140243 119673923
119673923 160140243
160140243 122673213
122673213 160140243
160140243 123398017
123398017 160140243
160140243 125500024
125500024 160140243
160140243 126186271
126186271 160140243
160140243 126229790
126229790 160140243
160140243 127668288
127668288 160140243
160140243 128317881
128317881 160140243
160140243 131981746
131981746 160140243
160140243 132308541
132308541 160140243
160140243 132709216
132709216 160140243
160140243 133775405
133775405 160140243
160140243 133953891
133953891 160140243
160140243 134199642
134199642 160140243
160140243 134752618
134752618 160140243
160140243 134948719
134948719 160140243
160140243 134985761
134985761 160140243
160140243 135205111
135205111 160140243
160140243 135223955
135223955 160140243
160140243 136483142
136483142 160140243
160140243 136871778
136871778 160140243
160140243 137222631
137222631 160140243
160140243 137633859
137633859 160140243
160140243 138138386
138138386 160140243
160140243 139057377
139057377 160140243
160140243 139660145
139660145 160140243
160140243 139909055
139909055 160140243
160140243 140040031
140040031 160140243
160140243 140043197
140043197 160140243
160140243 140888097
140888097 160140243
160140243 140901359
140901359 160140243
160140243 142163620
142163620 160140243
160140243 142194492
142194492 160140243
160140243 142365035
142365035 160140243
160140243 142455642
142455642 160140243
160140243 142549934
142549934 160140243
160140243 142569783
142569783 160140243
160140243 142600603
142600603 160140243
160140243 142783637
142783637 160140243
160140243 143259148
143259148 160140243
160140243 143273789
143273789 160140243
160140243 143392973
143392973 160140243
160140243 143754481
143754481 160140243
160140243 143795390
143795390 160140243
160140243 144166899
144166899 160140243
160140243 144235350
144235350 160140243
160140243 144259895
144259895 160140243
160140243 144545910
144545910 160140243
160140243 144579273
144579273 160140243
160140243 144817681
144817681 160140243
160140243 145263434
145263434 160140243
160140243 145802851
145802851 160140243
160140243 145863084
145863084 160140243
160140243 146054409
146054409 160140243
160140243 146436356
146436356 160140243
160140243 146741040
146741040 160140243
160140243 146771105
146771105 160140243
160140243 146931502
146931502 160140243
160140243 146987844
146987844 160140243
160140243 147106996
147106996 160140243
160140243 147165539
147165539 160140243
160140243 147191462
147191462 160140243
160140243 147906025
147906025 160140243
160140243 147935990
147935990 160140243
160140243 149053431
149053431 160140243
160140243 149189758
149189758 160140243
160140243 150257644
150257644 160140243
160140243 150479308
150479308 160140243
160140243 150820729
150820729 160140243
160140243 151417520
151417520 160140243
160140243 151486489
151486489 160140243
160140243 151611697
151611697 160140243
160140243 151701758
151701758 160140243
160140243 152872249
152872249 160140243
160140243 153440005
153440005 160140243
160140243 153834710
153834710 160140243
160140243 153881871
153881871 160140243
160140243 154193007
154193007 160140243
160140243 154417481
154417481 160140243
160140243 154854448
154854448 160140243
160140243 155460424
155460424 160140243
160140243 155761091
155761091 160140243
160140243 156319715
156319715 160140243
160140243 156590004
156590004 160140243
160140243 156783612
156783612 160140243
160140243 156802700
156802700 160140243
160140243 157066358
157066358 160140243
160140243 157121889
157121889 160140243
160140243 157488836
157488836 160140243
160140243 157786311
157786311 160140243
160140243 157811356
157811356 160140243
160140243 158259829
158259829 160140243
160140243 158449623
158449623 160140243
160140243 158482734
158482734 160140243
160140243 158531253
158531253 160140243
160140243 158934342
158934342 160140243
160140243 158951148
158951148 160140243
160140243 160644691
160644691 160140243
160140243 161611717
161611717 160140243
160140243 161805480
161805480 160140243
160140243 161941319
161941319 160140243
160140243 162204718
162204718 160140243
160140243 162966928
162966928 160140243
160140243 163020307
163020307 160140243
160140243 163038261
163038261 160140243
160140243 163145240
163145240 160140243
160140243 163152765
163152765 160140243
160140243 163196397
163196397 160140243
160140243 163198563
163198563 160140243
160140243 163360648
163360648 160140243
160140243 163429969
163429969 160140243
160140243 164140882
164140882 160140243
160140243 165937086
165937086 160140243
160140243 166243459
166243459 160140243
160140243 166346368
166346368 160140243
160140243 166753295
166753295 160140243
160140243 166806956
166806956 160140243
160140243 166807244
166807244 160140243
160140243 166912460
166912460 160140243
160140243 166977850
166977850 160140243
160140243 167136079
167136079 160140243
160140243 167316531
167316531 160140243
160140243 168418281
168418281 160140243
160140243 168572233
168572233 160140243
160140243 168810217
168810217 160140243
160140243 168855756
168855756 160140243
160140243 168942094
168942094 160140243
160140243 168954460
168954460 160140243
160140243 169202645
169202645 160140243
160140243 169604543
169604543 160140243
160140243 170206972
170206972 160140243
160140243 170607998
170607998 160140243
160140243 170781413
170781413 160140243
160140243 170794249
170794249 160140243
160140243 170887235
170887235 160140243
160140243 171073758
171073758 160140243
160140243 171318935
171318935 160140243
160140243 171917956
171917956 160140243
160140243 172205900
172205900 160140243
160140243 172494681
172494681 160140243
160140243 173333167
173333167 160140243
160140243 173442871
173442871 160140243
160140243 173907766
173907766 160140243
160140243 174073391
174073391 160140243
160140243 174443232
174443232 160140243
160140243 174523712
174523712 160140243
160140243 174528882
174528882 160140243
160140243 175073560
175073560 160140243
160140243 175122713
175122713 160140243
160140243 175301864
175301864 160140243
160140243 176096827
176096827 160140243
160140243 177083903
177083903 160140243
160140243 177266402
177266402 160140243
160140243 177429244
177429244 160140243
160140243 177611510
177611510 160140243
160140243 177835855
177835855 160140243
160140243 178436342
178436342 160140243
160140243 178736853
178736853 160140243
160140243 178970000
178970000 160140243
160140243 179140064
179140064 160140243
160140243 179282729
179282729 160140243
160140243 179382498
179382498 160140243
160140243 179640665
179640665 160140243
160140243 179648087
179648087 160140243
160140243 179792752
179792752 160140243
160140243 179945185
179945185 160140243
160140243 179962221
179962221 160140243
160140243 180426451
180426451 160140243
160140243 180433346
180433346 160140243
160140243 180570128
180570128 160140243
160140243 181357140
181357140 160140243
160140243 181358259
181358259 160140243
160140243 181703473
181703473 160140243
160140243 181866282
181866282 160140243
160140243 182729422
182729422 160140243
160140243 182848308
182848308 160140243
160140243 183174985
183174985 160140243
160140243 183637054
183637054 160140243
160140243 183725073
183725073 160140243
160140243 183921931
183921931 160140243
160140243 183951338
183951338 160140243
160140243 184434789
184434789 160140243
160140243 184561598
184561598 160140243
160140243 185004581
185004581 160140243
160140243 185247056
185247056 160140243
160140243 185616564
185616564 160140243
160140243 185619623
185619623 160140243
160140243 185717658
185717658 160140243
160140243 185875765
185875765 160140243
160140243 185912379
185912379 160140243
160140243 186249063
186249063 160140243
160140243 186465719
186465719 160140243
160140243 187653501
187653501 160140243
160140243 188909279
188909279 160140243
160140243 189469962
189469962 160140243
160140243 190061644
190061644 160140243
160140243 190236613
190236613 160140243
160140243 190466794
190466794 160140243
160140243 191011547
191011547 160140243
160140243 191336708
191336708 160140243
160140243 192308588
192308588 160140243
160140243 192436738
192436738 160140243
160140243 192876010
192876010 160140243
160140243 193011652
193011652 160140243
160140243 194131826
194131826 160140243
160140243 194228949
194228949 160140243
160140243 194373188
194373188 160140243
160140243 195133773
195133773 160140243
160140243 195297638
195297638 160140243
160140243 195607734
195607734 160140243
160140243 195710890
195710890 160140243
160140243 196809747
196809747 160140243
160140243 197025930
197025930 160140243
160140243 197093381
197093381 160140243
160140243 197584083
197584083 160140243
160140243 198328580
198328580 160140243
160140243 198722607
198722607 160140243
160140243 199036869
199036869 160140243
160140243 199200620
199200620 160140243
160140243 199469625
199469625 160140243
160140243 199570573
199570573 160140243
160140243 199638460
199638460 160140243
160140243 200211370
200211370 160140243
160140243 200530814
200530814 160140243
160140243 200773693
200773693 160140243
160140243 201249563
201249563 160140243
160140243 202422648
202422648 160140243
160140243 202506857
202506857 160140243
160140243 202698905
202698905 160140243
160140243 202923533
202923533 160140243
160140243 203177632
203177632 160140243
160140243 203312627
203312627 160140243
160140243 203719742
203719742 160140243
160140243 204019893
204019893 160140243
160140243 204246036
204246036 160140243
160140243 204352671
204352671 160140243
160140243 204596145
204596145 160140243
160140243 204637235
204637235 160140243
160140243 205086837
205086837 160140243
160140243 205304081
205304081 160140243
160140243 206443550
206443550 160140243
160140243 206720147
206720147 160140243
160140243 207887546
207887546 160140243
160140243 208108337
208108337 160140243
160140243 208894570
208894570 160140243
160140243 210718059
210718059 160140243
160140243 212938624
212938624 160140243
160140243 215044704
215044704 160140243
160140243 221263176
221263176 160140243
160140243 236585536
236585536 160140243
160140243 242313247
242313247 160140243
160140243 245256433
245256433 160140243
202242484 30102
30102 202242484
202242484 59250
59250 202242484
202242484 4529588
4529588 202242484
202242484 7293912
7293912 202242484
202242484 12466600
12466600 202242484
202242484 105175259
105175259 202242484
202242484 123650547
123650547 202242484
202242484 154044693
154044693 202242484
202242484 171511294
171511294 202242484
202242484 207954879
207954879 202242484
202242484 236916781
236916781 202242484
30102 160140243
160140243 30102
30102 202242484
202242484 30102
