3514673 19483
19483 3514673
3514673 43417
43417 3514673
3514673 55314
55314 3514673
3514673 81841
81841 3514673
3514673 159160
159160 3514673
3514673 187649
187649 3514673
3514673 238142
238142 3514673
3514673 242122
242122 3514673
3514673 308189
308189 3514673
3514673 333346
333346 3514673
3514673 342771
342771 3514673
3514673 343484
343484 3514673
3514673 424406
424406 3514673
3514673 526107
526107 3514673
3514673 623578
623578 3514673
3514673 655765
655765 3514673
3514673 763289
763289 3514673
3514673 808889
808889 3514673
3514673 813608
813608 3514673
3514673 872797
872797 3514673
3514673 901169
901169 3514673
3514673 927439
927439 3514673
3514673 944169
944169 3514673
3514673 947712
947712 3514673
3514673 1022353
1022353 3514673
3514673 1046263
1046263 3514673
3514673 1049843
1049843 3514673
3514673 1058890
1058890 3514673
3514673 1107862
1107862 3514673
3514673 1155296
1155296 3514673
3514673 1164886
1164886 3514673
3514673 1213906
1213906 3514673
3514673 1273627
1273627 3514673
3514673 1288617
1288617 3514673
3514673 1289990
1289990 3514673
3514673 1384597
1384597 3514673
3514673 1493169
1493169 3514673
3514673 1501772
1501772 3514673
3514673 1531714
1531714 3514673
3514673 1706366
1706366 3514673
3514673 1741673
1741673 3514673
3514673 1747947
1747947 3514673
3514673 1773641
1773641 3514673
3514673 1779687
1779687 3514673
3514673 1779738
1779738 3514673
3514673 1785909
1785909 3514673
3514673 1791397
1791397 3514673
3514673 1940749
1940749 3514673
3514673 1959013
1959013 3514673
3514673 1961198
1961198 3514673
3514673 2036642
2036642 3514673
3514673 2071800
2071800 3514673
3514673 2158949
2158949 3514673
3514673 2230467
2230467 3514673
3514673 2235412
2235412 3514673
3514673 2287785
2287785 3514673
3514673 2343365
2343365 3514673
3514673 2344229
2344229 3514673
3514673 2344548
2344548 3514673
3514673 2530189
2530189 3514673
3514673 2544905
2544905 3514673
3514673 2610301
2610301 3514673
3514673 2616300
2616300 3514673
3514673 2673515
2673515 3514673
3514673 2851271
2851271 3514673
3514673 2979864
2979864 3514673
3514673 3039156
3039156 3514673
3514673 3262690
3262690 3514673
3514673 3371181
3371181 3514673
3514673 3496901
3496901 3514673
3514673 3563160
3563160 3514673
3514673 3682646
3682646 3514673
3514673 4248562
4248562 3514673
3514673 4731136
4731136 3514673
3514673 4829228
4829228 3514673
3514673 5431522
5431522 3514673
3514673 5528249
5528249 3514673
3514673 5763533
5763533 3514673
3514673 5950552
5950552 3514673
3514673 6260339
6260339 3514673
3514673 6371044
6371044 3514673
3514673 6405109
6405109 3514673
3514673 7254382
7254382 3514673
3514673 7376002
7376002 3514673
3514673 7999003
7999003 3514673
3514673 8470488
8470488 3514673
3514673 8675411
8675411 3514673
3514673 8975234
8975234 3514673
3514673 9525866
9525866 3514673
3514673 9641704
9641704 3514673
3514673 10052956
10052956 3514673
3514673 10640444
10640444 3514673
3514673 11496887
11496887 3514673
3514673 12468024
12468024 3514673
3514673 14777891
14777891 3514673
3514673 16074509
16074509 3514673
3514673 19402579
19402579 3514673
3514673 20280190
20280190 3514673
3514673 20549660
20549660 3514673
3514673 21109343
21109343 3514673
3514673 25322285
25322285 3514673
3514673 25812216
25812216 3514673
3514673 33442159
33442159 3514673
3514673 37692401
37692401 3514673
3514673 41429046
41429046 3514673
3514673 43151671
43151671 3514673
3514673 46331084
46331084 3514673
3514673 55132241
55132241 3514673
3514673 59443755
59443755 3514673
3514673 65521584
65521584 3514673
3514673 72896453
72896453 3514673
3514673 75973364
75973364 3514673
3514673 77730070
77730070 3514673
3514673 78712844
78712844 3514673
3514673 83361007
83361007 3514673
3514673 83463805
83463805 3514673
3514673 87964698
87964698 3514673
3514673 92502433
92502433 3514673
3514673 103780042
103780042 3514673
3514673 103808352
103808352 3514673
3514673 108540105
108540105 3514673
3514673 108760611
108760611 3514673
3514673 124342363
124342363 3514673
3514673 133613452
133613452 3514673
3514673 134276091
134276091 3514673
3514673 134862547
134862547 3514673
3514673 135621538
135621538 3514673
3514673 136370919
136370919 3514673
3514673 139129508
139129508 3514673
3514673 141637929
141637929 3514673
3514673 151707714
151707714 3514673
3514673 151838328
151838328 3514673
3514673 156323687
156323687 3514673
3514673 166100802
166100802 3514673
3514673 168220916
168220916 3514673
3514673 173758919
173758919 3514673
3514673 203550485
203550485 3514673
3514673 208631200
208631200 3514673
3514673 210017554
210017554 3514673
3514673 216582740
216582740 3514673
3514673 218447773
218447773 3514673
3514673 220369139
220369139 3514673
3514673 220814710
220814710 3514673
3514673 225021588
225021588 3514673
3514673 238286356
238286356 3514673
3514673 256427669
256427669 3514673
3514673 261498016
261498016 3514673
3514673 266588224
266588224 3514673
1745328 11086
11086 1745328
1745328 43417
43417 1745328
1745328 302484
302484 1745328
1745328 830664
830664 1745328
1745328 1236363
1236363 1745328
1745328 1479605
1479605 1745328
1745328 1552200
1552200 1745328
1745328 1651629
1651629 1745328
1745328 1695829
1695829 1745328
1745328 1744378
1744378 1745328
1745328 1825821
1825821 1745328
1745328 1949659
1949659 1745328
1745328 2039858
2039858 1745328
1745328 2111512
2111512 1745328
1745328 2246925
2246925 1745328
1745328 2353971
2353971 1745328
1745328 2371393
2371393 1745328
1745328 2716521
2716521 1745328
1745328 2767869
2767869 1745328
1745328 2992862
2992862 1745328
1745328 3011436
3011436 1745328
1745328 3034556
3034556 1745328
1745328 3116966
3116966 1745328
1745328 3323524
3323524 1745328
1745328 3326782
3326782 1745328
1745328 3451276
3451276 1745328
1745328 4100417
4100417 1745328
1745328 4181559
4181559 1745328
1745328 4517679
4517679 1745328
1745328 5105023
5105023 1745328
1745328 5394646
5394646 1745328
1745328 7632291
7632291 1745328
1745328 7914167
7914167 1745328
1745328 9515460
9515460 1745328
1745328 10057778
10057778 1745328
1745328 10945768
10945768 1745328
1745328 11508970
11508970 1745328
1745328 11738002
11738002 1745328
1745328 12162117
12162117 1745328
1745328 13879508
13879508 1745328
1745328 14819722
14819722 1745328
1745328 19002759
19002759 1745328
1745328 19779669
19779669 1745328
1745328 20258559
20258559 1745328
1745328 21262789
21262789 1745328
1745328 21760428
21760428 1745328
1745328 23086226
23086226 1745328
1745328 24205458
24205458 1745328
1745328 24758819
24758819 1745328
1745328 43307011
43307011 1745328
1745328 43521251
43521251 1745328
1745328 51815736
51815736 1745328
1745328 51964398
51964398 1745328
1745328 52041498
52041498 1745328
1745328 61581636
61581636 1745328
1745328 64484069
64484069 1745328
1745328 70126670
70126670 1745328
1745328 73353161
73353161 1745328
1745328 80140693
80140693 1745328
1745328 91463377
91463377 1745328
1745328 110439622
110439622 1745328
1745328 121736257
121736257 1745328
1745328 124461173
124461173 1745328
1745328 172374339
172374339 1745328
1745328 186197445
186197445 1745328
1745328 207425381
207425381 1745328
153845571 43417
43417 153845571
153845571 81841
81841 153845571
153845571 292261
292261 153845571
153845571 295660
295660 153845571
153845571 378005
378005 153845571
153845571 404658
404658 153845571
153845571 616130
616130 153845571
153845571 713707
713707 153845571
153845571 1279408
1279408 153845571
153845571 1287305
1287305 153845571
153845571 1332035
1332035 153845571
153845571 1423638
1423638 153845571
153845571 1442455
1442455 153845571
153845571 1469658
1469658 153845571
153845571 1503415
1503415 153845571
153845571 1529366
1529366 153845571
153845571 1547716
1547716 153845571
153845571 1811929
1811929 153845571
153845571 1898773
1898773 153845571
153845571 2086152
2086152 153845571
153845571 2304276
2304276 153845571
153845571 2534661
2534661 153845571
153845571 2575190
2575190 153845571
153845571 3027474
3027474 153845571
153845571 3168706
3168706 153845571
153845571 3626269
3626269 153845571
153845571 4497749
4497749 153845571
153845571 4627751
4627751 153845571
153845571 5124389
5124389 153845571
153845571 5498174
5498174 153845571
153845571 5535828
5535828 153845571
153845571 5704875
5704875 153845571
153845571 5880649
5880649 153845571
153845571 5973363
5973363 153845571
153845571 6642289
6642289 153845571
153845571 6794373
6794373 153845571
153845571 8724166
8724166 153845571
153845571 8998535
8998535 153845571
153845571 9882075
9882075 153845571
153845571 10144398
10144398 153845571
153845571 10864588
10864588 153845571
153845571 10877405
10877405 153845571
153845571 11175321
11175321 153845571
153845571 11386096
11386096 153845571
153845571 11535003
11535003 153845571
153845571 11818115
11818115 153845571
153845571 12094426
12094426 153845571
153845571 12373360
12373360 153845571
153845571 12376806
12376806 153845571
153845571 12710423
12710423 153845571
153845571 13104874
13104874 153845571
153845571 14351177
14351177 153845571
153845571 15189899
15189899 153845571
153845571 16569042
16569042 153845571
153845571 16733917
16733917 153845571
153845571 18314683
18314683 153845571
153845571 19005633
19005633 153845571
153845571 19089762
19089762 153845571
153845571 19717158
19717158 153845571
153845571 19849821
19849821 153845571
153845571 20052229
20052229 153845571
153845571 21004640
21004640 153845571
153845571 21456755
21456755 153845571
153845571 22070444
22070444 153845571
153845571 22336739
22336739 153845571
153845571 25338540
25338540 153845571
153845571 26540655
26540655 153845571
153845571 26698281
26698281 153845571
153845571 27240346
27240346 153845571
153845571 28488641
28488641 153845571
153845571 30776765
30776765 153845571
153845571 31677749
31677749 153845571
153845571 32293532
32293532 153845571
153845571 33334674
33334674 153845571
153845571 33391846
33391846 153845571
153845571 33768243
33768243 153845571
153845571 33769159
33769159 153845571
153845571 35586064
35586064 153845571
153845571 35688748
35688748 153845571
153845571 36656025
36656025 153845571
153845571 36736199
36736199 153845571
153845571 36923448
36923448 153845571
153845571 37008405
37008405 153845571
153845571 37259038
37259038 153845571
153845571 37836408
37836408 153845571
153845571 38010935
38010935 153845571
153845571 40955110
40955110 153845571
153845571 41724776
41724776 153845571
153845571 42143424
42143424 153845571
153845571 42631727
42631727 153845571
153845571 43382303
43382303 153845571
153845571 43710602
43710602 153845571
153845571 44238192
44238192 153845571
153845571 44862186
44862186 153845571
153845571 45562063
45562063 153845571
153845571 46981376
46981376 153845571
153845571 49344876
49344876 153845571
153845571 49564701
49564701 153845571
153845571 51206484
51206484 153845571
153845571 52138615
52138615 153845571
153845571 52783657
52783657 153845571
153845571 54511138
54511138 153845571
153845571 55094444
55094444 153845571
153845571 59188549
59188549 153845571
153845571 59463738
59463738 153845571
153845571 60501390
60501390 153845571
153845571 60557630
60557630 153845571
153845571 60585156
60585156 153845571
153845571 62252311
62252311 153845571
153845571 62552132
62552132 153845571
153845571 63518486
63518486 153845571
153845571 66079631
66079631 153845571
153845571 67953437
67953437 153845571
153845571 68509497
68509497 153845571
153845571 69633089
69633089 153845571
153845571 69807760
69807760 153845571
153845571 71393494
71393494 153845571
153845571 72735090
72735090 153845571
153845571 80929742
80929742 153845571
153845571 83588747
83588747 153845571
153845571 84615902
84615902 153845571
153845571 84776974
84776974 153845571
153845571 85909605
85909605 153845571
153845571 86836622
86836622 153845571
153845571 87251299
87251299 153845571
153845571 90894938
90894938 153845571
153845571 93144932
93144932 153845571
153845571 93487097
93487097 153845571
153845571 93709778
93709778 153845571
153845571 94827322
94827322 153845571
153845571 95695073
95695073 153845571
153845571 95798803
95798803 153845571
153845571 100884087
100884087 153845571
153845571 103047321
103047321 153845571
153845571 103801783
103801783 153845571
153845571 106832635
106832635 153845571
153845571 107209415
107209415 153845571
153845571 108638029
108638029 153845571
153845571 109088008
109088008 153845571
153845571 109402287
109402287 153845571
153845571 110383377
110383377 153845571
153845571 116840450
116840450 153845571
153845571 118634220
118634220 153845571
153845571 119546385
119546385 153845571
153845571 122044945
122044945 153845571
153845571 122404640
122404640 153845571
153845571 123533411
123533411 153845571
153845571 127889525
127889525 153845571
153845571 131233432
131233432 153845571
153845571 131515068
131515068 153845571
153845571 132300604
132300604 153845571
153845571 132318442
132318442 153845571
153845571 132973563
132973563 153845571
153845571 133554986
133554986 153845571
153845571 133571843
133571843 153845571
153845571 133646693
133646693 153845571
153845571 134009864
134009864 153845571
153845571 134943726
134943726 153845571
153845571 135388460
135388460 153845571
153845571 135747482
135747482 153845571
153845571 136333653
136333653 153845571
153845571 137223098
137223098 153845571
153845571 137589625
137589625 153845571
153845571 138850619
138850619 153845571
153845571 138981231
138981231 153845571
153845571 139588512
139588512 153845571
153845571 139596602
139596602 153845571
153845571 139806409
139806409 153845571
153845571 139881066
139881066 153845571
153845571 143676594
143676594 153845571
153845571 144133317
144133317 153845571
153845571 144784833
144784833 153845571
153845571 145170853
145170853 153845571
153845571 145203067
145203067 153845571
153845571 145707731
145707731 153845571
153845571 146840837
146840837 153845571
153845571 146884380
146884380 153845571
153845571 147182606
147182606 153845571
153845571 148191066
148191066 153845571
153845571 150382530
150382530 153845571
153845571 151053177
151053177 153845571
153845571 151116950
151116950 153845571
153845571 151881436
151881436 153845571
153845571 153849509
153849509 153845571
153845571 154345189
154345189 153845571
153845571 154349148
154349148 153845571
153845571 154479947
154479947 153845571
153845571 154644209
154644209 153845571
153845571 158674463
158674463 153845571
153845571 159557624
159557624 153845571
153845571 161108004
161108004 153845571
153845571 163548006
163548006 153845571
153845571 166521018
166521018 153845571
18480900 17939
17939 18480900
18480900 28954
28954 18480900
18480900 43417
43417 18480900
18480900 53937
53937 18480900
18480900 96195
96195 18480900
18480900 126165
126165 18480900
18480900 200678
200678 18480900
18480900 390495
390495 18480900
18480900 439667
439667 18480900
18480900 568503
568503 18480900
18480900 645941
645941 18480900
18480900 659265
659265 18480900
18480900 747028
747028 18480900
18480900 778963
778963 18480900
18480900 824140
824140 18480900
18480900 860894
860894 18480900
18480900 963641
963641 18480900
18480900 1174809
1174809 18480900
18480900 1266019
1266019 18480900
18480900 1400004
1400004 18480900
18480900 1461855
1461855 18480900
18480900 1483698
1483698 18480900
18480900 1494233
1494233 18480900
18480900 1513713
1513713 18480900
18480900 1636287
1636287 18480900
18480900 1886890
1886890 18480900
18480900 1958237
1958237 18480900
18480900 1976193
1976193 18480900
18480900 2032577
2032577 18480900
18480900 2057904
2057904 18480900
18480900 2288913
2288913 18480900
18480900 2380982
2380982 18480900
18480900 2503167
2503167 18480900
18480900 2617006
2617006 18480900
18480900 2683677
2683677 18480900
18480900 2701621
2701621 18480900
18480900 2760277
2760277 18480900
18480900 2812573
2812573 18480900
18480900 2819858
2819858 18480900
18480900 2934827
2934827 18480900
18480900 2996510
2996510 18480900
18480900 3219594
3219594 18480900
18480900 3294638
3294638 18480900
18480900 3483721
3483721 18480900
18480900 3528746
3528746 18480900
18480900 3701375
3701375 18480900
18480900 4056393
4056393 18480900
18480900 4743225
4743225 18480900
18480900 4773898
4773898 18480900
18480900 4840056
4840056 18480900
18480900 5125025
5125025 18480900
18480900 5445208
5445208 18480900
18480900 6395122
6395122 18480900
18480900 7625079
7625079 18480900
18480900 7933706
7933706 18480900
18480900 8354190
8354190 18480900
18480900 10217108
10217108 18480900
18480900 10393583
10393583 18480900
18480900 11962569
11962569 18480900
18480900 12353114
12353114 18480900
18480900 13409100
13409100 18480900
18480900 15121011
15121011 18480900
18480900 15264825
15264825 18480900
18480900 17444040
17444040 18480900
18480900 17501331
17501331 18480900
18480900 17914710
17914710 18480900
18480900 18623420
18623420 18480900
18480900 19242580
19242580 18480900
18480900 19893752
19893752 18480900
18480900 20361720
20361720 18480900
18480900 22644676
22644676 18480900
18480900 23680679
23680679 18480900
18480900 24111257
24111257 18480900
18480900 29823609
29823609 18480900
18480900 35257088
35257088 18480900
18480900 38154764
38154764 18480900
18480900 39075718
39075718 18480900
18480900 39946117
39946117 18480900
18480900 41283538
41283538 18480900
18480900 43920179
43920179 18480900
18480900 44872450
44872450 18480900
18480900 47272390
47272390 18480900
18480900 50426173
50426173 18480900
18480900 51688829
51688829 18480900
18480900 52084805
52084805 18480900
18480900 67011106
67011106 18480900
18480900 72779587
72779587 18480900
18480900 73879270
73879270 18480900
18480900 80227085
80227085 18480900
18480900 90378161
90378161 18480900
18480900 92741142
92741142 18480900
18480900 94303377
94303377 18480900
18480900 99614153
99614153 18480900
18480900 102685715
102685715 18480900
18480900 104467173
104467173 18480900
18480900 116172220
116172220 18480900
18480900 116228849
116228849 18480900
18480900 116533371
116533371 18480900
18480900 121898986
121898986 18480900
18480900 126323185
126323185 18480900
18480900 136518301
136518301 18480900
18480900 139071133
139071133 18480900
18480900 145864833
145864833 18480900
18480900 173558309
173558309 18480900
18480900 174733567
174733567 18480900
18480900 176036006
176036006 18480900
18480900 176903745
176903745 18480900
18480900 229565255
229565255 18480900
18480900 244432232
244432232 18480900
10945768 43417
43417 10945768
10945768 270587
270587 10945768
10945768 275881
275881 10945768
10945768 445133
445133 10945768
10945768 801121
801121 10945768
10945768 825565
825565 10945768
10945768 830664
830664 10945768
10945768 889268
889268 10945768
10945768 1113298
1113298 10945768
10945768 1186486
1186486 10945768
10945768 1202168
1202168 10945768
10945768 1394904
1394904 10945768
10945768 1413031
1413031 10945768
10945768 1547593
1547593 10945768
10945768 1651629
1651629 10945768
10945768 1695829
1695829 10945768
10945768 1745328
1745328 10945768
10945768 1752123
1752123 10945768
10945768 2000414
2000414 10945768
10945768 2052266
2052266 10945768
10945768 3011436
3011436 10945768
10945768 3673614
3673614 10945768
10945768 7187247
7187247 10945768
10945768 7510777
7510777 10945768
10945768 8015089
8015089 10945768
10945768 8185825
8185825 10945768
10945768 11738002
11738002 10945768
10945768 12712613
12712613 10945768
10945768 13011830
13011830 10945768
10945768 13392262
13392262 10945768
10945768 21760428
21760428 10945768
10945768 24205458
24205458 10945768
10945768 53154439
53154439 10945768
10945768 56250617
56250617 10945768
10945768 80140693
80140693 10945768
10945768 94877584
94877584 10945768
33549808 7977
7977 33549808
33549808 17343
17343 33549808
33549808 43417
43417 33549808
33549808 99441
99441 33549808
33549808 143282
143282 33549808
33549808 261164
261164 33549808
33549808 496320
496320 33549808
33549808 519435
519435 33549808
33549808 548930
548930 33549808
33549808 732588
732588 33549808
33549808 741444
741444 33549808
33549808 835458
835458 33549808
33549808 921039
921039 33549808
33549808 983847
983847 33549808
33549808 1164440
1164440 33549808
33549808 1284854
1284854 33549808
33549808 1375623
1375623 33549808
33549808 1457985
1457985 33549808
33549808 1506654
1506654 33549808
33549808 1621402
1621402 33549808
33549808 1745237
1745237 33549808
33549808 1857367
1857367 33549808
33549808 1885773
1885773 33549808
33549808 1919163
1919163 33549808
33549808 1928681
1928681 33549808
33549808 1946504
1946504 33549808
33549808 1956215
1956215 33549808
33549808 2076389
2076389 33549808
33549808 2087551
2087551 33549808
33549808 2195489
2195489 33549808
33549808 2263360
2263360 33549808
33549808 2336095
2336095 33549808
33549808 2642983
2642983 33549808
33549808 2800594
2800594 33549808
33549808 3196667
3196667 33549808
33549808 3279236
3279236 33549808
33549808 3547075
3547075 33549808
33549808 3760805
3760805 33549808
33549808 3854611
3854611 33549808
33549808 4184411
4184411 33549808
33549808 4232880
4232880 33549808
33549808 4426886
4426886 33549808
33549808 4490402
4490402 33549808
33549808 5341326
5341326 33549808
33549808 5813374
5813374 33549808
33549808 7162908
7162908 33549808
33549808 7209498
7209498 33549808
33549808 7445400
7445400 33549808
33549808 7604369
7604369 33549808
33549808 7703033
7703033 33549808
33549808 7904152
7904152 33549808
33549808 7959239
7959239 33549808
33549808 7996458
7996458 33549808
33549808 8404984
8404984 33549808
33549808 8687149
8687149 33549808
33549808 8789560
8789560 33549808
33549808 9438180
9438180 33549808
33549808 10888635
10888635 33549808
33549808 12451934
12451934 33549808
33549808 12945793
12945793 33549808
33549808 13237612
13237612 33549808
33549808 20549417
20549417 33549808
33549808 25566170
25566170 33549808
33549808 25716635
25716635 33549808
33549808 28852396
28852396 33549808
33549808 31099878
31099878 33549808
33549808 31221466
31221466 33549808
33549808 32621103
32621103 33549808
33549808 46309550
46309550 33549808
33549808 47918217
47918217 33549808
33549808 56493780
56493780 33549808
33549808 58544188
58544188 33549808
33549808 62409108
62409108 33549808
33549808 75788641
75788641 33549808
33549808 87633153
87633153 33549808
33549808 92147695
92147695 33549808
33549808 111696265
111696265 33549808
33549808 138570963
138570963 33549808
33549808 143491436
143491436 33549808
33549808 169983129
169983129 33549808
33549808 172106633
172106633 33549808
33549808 178215733
178215733 33549808
33549808 183211237
183211237 33549808
33549808 197148426
197148426 33549808
1761964 43417
43417 1761964
1761964 193542
193542 1761964
1761964 1193639
1193639 1761964
1761964 1226252
1226252 1761964
1761964 1671776
1671776 1761964
1761964 1784948
1784948 1761964
1761964 1887240
1887240 1761964
1761964 2044558
2044558 1761964
1761964 2143156
2143156 1761964
1761964 2490744
2490744 1761964
1761964 3415786
3415786 1761964
1761964 18118768
18118768 1761964
1761964 78328481
78328481 1761964
1761964 90570100
90570100 1761964
1761964 103620893
103620893 1761964
1761964 119452232
119452232 1761964
5265558 43417
43417 5265558
5265558 514182
514182 5265558
5265558 665790
665790 5265558
5265558 858888
858888 5265558
5265558 1330859
1330859 5265558
5265558 1435605
1435605 5265558
5265558 1639703
1639703 5265558
5265558 1675924
1675924 5265558
5265558 2209913
2209913 5265558
5265558 2483887
2483887 5265558
5265558 2631224
2631224 5265558
5265558 2796823
2796823 5265558
5265558 2847318
2847318 5265558
5265558 3272791
3272791 5265558
5265558 3324224
3324224 5265558
5265558 4136653
4136653 5265558
5265558 9221604
9221604 5265558
5265558 9795231
9795231 5265558
5265558 10019104
10019104 5265558
5265558 13589167
13589167 5265558
5265558 16267020
16267020 5265558
5265558 16384721
16384721 5265558
5265558 17228757
17228757 5265558
5265558 17693288
17693288 5265558
5265558 21035386
21035386 5265558
5265558 22485026
22485026 5265558
5265558 24001376
24001376 5265558
5265558 24087177
24087177 5265558
5265558 25133539
25133539 5265558
5265558 25585781
25585781 5265558
5265558 28364982
28364982 5265558
5265558 28852396
28852396 5265558
5265558 32744205
32744205 5265558
5265558 33549808
33549808 5265558
5265558 33670339
33670339 5265558
5265558 44989935
44989935 5265558
5265558 63136629
63136629 5265558
5265558 73679594
73679594 5265558
5265558 75878819
75878819 5265558
5265558 78834575
78834575 5265558
5265558 79869996
79869996 5265558
5265558 101496746
101496746 5265558
5265558 107728187
107728187 5265558
5265558 155417649
155417649 5265558
5265558 182581859
182581859 5265558
3563160 43417
43417 3563160
3563160 72135
72135 3563160
3563160 85709
85709 3563160
3563160 131875
131875 3563160
3563160 191713
191713 3563160
3563160 232434
232434 3563160
3563160 254279
254279 3563160
3563160 656502
656502 3563160
3563160 718032
718032 3563160
3563160 798360
798360 3563160
3563160 843620
843620 3563160
3563160 858152
858152 3563160
3563160 969537
969537 3563160
3563160 969717
969717 3563160
3563160 971840
971840 3563160
3563160 1074431
1074431 3563160
3563160 1112398
1112398 3563160
3563160 1117923
1117923 3563160
3563160 1131508
1131508 3563160
3563160 1261923
1261923 3563160
3563160 1323962
1323962 3563160
3563160 1331762
1331762 3563160
3563160 1340499
1340499 3563160
3563160 1346644
1346644 3563160
3563160 1372513
1372513 3563160
3563160 1496421
1496421 3563160
3563160 1508893
1508893 3563160
3563160 1547031
1547031 3563160
3563160 1566427
1566427 3563160
3563160 1600314
1600314 3563160
3563160 1628325
1628325 3563160
3563160 1629552
1629552 3563160
3563160 1645268
1645268 3563160
3563160 1661321
1661321 3563160
3563160 1686843
1686843 3563160
3563160 1740250
1740250 3563160
3563160 1745820
1745820 3563160
3563160 1757788
1757788 3563160
3563160 1787598
1787598 3563160
3563160 1796227
1796227 3563160
3563160 1812024
1812024 3563160
3563160 1873480
1873480 3563160
3563160 2013633
2013633 3563160
3563160 2025261
2025261 3563160
3563160 2046038
2046038 3563160
3563160 2074200
2074200 3563160
3563160 2114227
2114227 3563160
3563160 2179767
2179767 3563160
3563160 2234082
2234082 3563160
3563160 2279274
2279274 3563160
3563160 2315988
2315988 3563160
3563160 2408201
2408201 3563160
3563160 2451003
2451003 3563160
3563160 2478089
2478089 3563160
3563160 2541165
2541165 3563160
3563160 2553599
2553599 3563160
3563160 2555727
2555727 3563160
3563160 2590799
2590799 3563160
3563160 2616300
2616300 3563160
3563160 2657277
2657277 3563160
3563160 2698890
2698890 3563160
3563160 2727577
2727577 3563160
3563160 2965354
2965354 3563160
3563160 2978018
2978018 3563160
3563160 2979864
2979864 3563160
3563160 3008806
3008806 3563160
3563160 3094372
3094372 3563160
3563160 3159363
3159363 3563160
3563160 3210387
3210387 3563160
3563160 3231005
3231005 3563160
3563160 3415905
3415905 3563160
3563160 3455232
3455232 3563160
3563160 3514673
3514673 3563160
3563160 3692091
3692091 3563160
3563160 3797187
3797187 3563160
3563160 3818413
3818413 3563160
3563160 3879623
3879623 3563160
3563160 4082986
4082986 3563160
3563160 4084619
4084619 3563160
3563160 4108674
4108674 3563160
3563160 4126677
4126677 3563160
3563160 4281556
4281556 3563160
3563160 5166633
5166633 3563160
3563160 5175551
5175551 3563160
3563160 5246520
5246520 3563160
3563160 5357182
5357182 3563160
3563160 5357205
5357205 3563160
3563160 5509002
5509002 3563160
3563160 5528249
5528249 3563160
3563160 5660714
5660714 3563160
3563160 5763533
5763533 3563160
3563160 5910616
5910616 3563160
3563160 6003592
6003592 3563160
3563160 6625295
6625295 3563160
3563160 6775565
6775565 3563160
3563160 7376002
7376002 3563160
3563160 7860809
7860809 3563160
3563160 9884589
9884589 3563160
3563160 10015620
10015620 3563160
3563160 12687561
12687561 3563160
3563160 12870246
12870246 3563160
3563160 16807920
16807920 3563160
3563160 18041094
18041094 3563160
3563160 22316567
22316567 3563160
3563160 24011891
24011891 3563160
3563160 31745325
31745325 3563160
3563160 38033298
38033298 3563160
3563160 50629885
50629885 3563160
3563160 53505072
53505072 3563160
3563160 55132241
55132241 3563160
3563160 63189520
63189520 3563160
3563160 81831426
81831426 3563160
3563160 83361007
83361007 3563160
3563160 168220916
168220916 3563160
3563160 175030864
175030864 3563160
3563160 177023285
177023285 3563160
3563160 208688252
208688252 3563160
3563160 214687916
214687916 3563160
3563160 228146805
228146805 3563160
1784948 92
92 1784948
1784948 41506
41506 1784948
1784948 43417
43417 1784948
1784948 80214
80214 1784948
1784948 108800
108800 1784948
1784948 110028
110028 1784948
1784948 126036
126036 1784948
1784948 133884
133884 1784948
1784948 140218
140218 1784948
1784948 159778
159778 1784948
1784948 176310
176310 1784948
1784948 211392
211392 1784948
1784948 216134
216134 1784948
1784948 231141
231141 1784948
1784948 231832
231832 1784948
1784948 245338
245338 1784948
1784948 267429
267429 1784948
1784948 282546
282546 1784948
1784948 284306
284306 1784948
1784948 297130
297130 1784948
1784948 304892
304892 1784948
1784948 318926
318926 1784948
1784948 355673
355673 1784948
1784948 366226
366226 1784948
1784948 420980
420980 1784948
1784948 422040
422040 1784948
1784948 423452
423452 1784948
1784948 462558
462558 1784948
1784948 492185
492185 1784948
1784948 557782
557782 1784948
1784948 571778
571778 1784948
1784948 624900
624900 1784948
1784948 624905
624905 1784948
1784948 659171
659171 1784948
1784948 672899
672899 1784948
1784948 709037
709037 1784948
1784948 713279
713279 1784948
1784948 726946
726946 1784948
1784948 741596
741596 1784948
1784948 741914
741914 1784948
1784948 744474
744474 1784948
1784948 791219
791219 1784948
1784948 801811
801811 1784948
1784948 840149
840149 1784948
1784948 847039
847039 1784948
1784948 853700
853700 1784948
1784948 862649
862649 1784948
1784948 866346
866346 1784948
1784948 866650
866650 1784948
1784948 881103
881103 1784948
1784948 953810
953810 1784948
1784948 996396
996396 1784948
1784948 1014319
1014319 1784948
1784948 1116863
1116863 1784948
1784948 1193639
1193639 1784948
1784948 1302366
1302366 1784948
1784948 1354244
1354244 1784948
1784948 1388532
1388532 1784948
1784948 1403359
1403359 1784948
1784948 1431086
1431086 1784948
1784948 1436154
1436154 1784948
1784948 1446622
1446622 1784948
1784948 1448065
1448065 1784948
1784948 1488345
1488345 1784948
1784948 1546010
1546010 1784948
1784948 1546061
1546061 1784948
1784948 1552184
1552184 1784948
1784948 1729435
1729435 1784948
1784948 1747350
1747350 1784948
1784948 1761964
1761964 1784948
1784948 1794627
1794627 1784948
1784948 1878070
1878070 1784948
1784948 1887240
1887240 1784948
1784948 1951639
1951639 1784948
1784948 1973970
1973970 1784948
1784948 2024206
2024206 1784948
1784948 2028436
2028436 1784948
1784948 2036469
2036469 1784948
1784948 2046438
2046438 1784948
1784948 2093203
2093203 1784948
1784948 2226150
2226150 1784948
1784948 2258685
2258685 1784948
1784948 2308126
2308126 1784948
1784948 2354627
2354627 1784948
1784948 2425956
2425956 1784948
1784948 2464781
2464781 1784948
1784948 2528040
2528040 1784948
1784948 2662730
2662730 1784948
1784948 2668977
2668977 1784948
1784948 2676712
2676712 1784948
1784948 2680998
2680998 1784948
1784948 2702188
2702188 1784948
1784948 2868015
2868015 1784948
1784948 2889095
2889095 1784948
1784948 3051437
3051437 1784948
1784948 3121602
3121602 1784948
1784948 3186361
3186361 1784948
1784948 3225372
3225372 1784948
1784948 3303821
3303821 1784948
1784948 3474881
3474881 1784948
1784948 3484154
3484154 1784948
1784948 3535637
3535637 1784948
1784948 3617762
3617762 1784948
1784948 3691500
3691500 1784948
1784948 3894553
3894553 1784948
1784948 3987948
3987948 1784948
1784948 4160399
4160399 1784948
1784948 4275087
4275087 1784948
1784948 4282285
4282285 1784948
1784948 4431336
4431336 1784948
1784948 4476690
4476690 1784948
1784948 4622955
4622955 1784948
1784948 4661142
4661142 1784948
1784948 4711128
4711128 1784948
1784948 4712207
4712207 1784948
1784948 4869900
4869900 1784948
1784948 5167011
5167011 1784948
1784948 5183441
5183441 1784948
1784948 5411062
5411062 1784948
1784948 5545612
5545612 1784948
1784948 5636428
5636428 1784948
1784948 5791204
5791204 1784948
1784948 5916124
5916124 1784948
1784948 6060800
6060800 1784948
1784948 6172724
6172724 1784948
1784948 6251827
6251827 1784948
1784948 6280314
6280314 1784948
1784948 6340944
6340944 1784948
1784948 6679203
6679203 1784948
1784948 6754845
6754845 1784948
1784948 6810719
6810719 1784948
1784948 6954463
6954463 1784948
1784948 7044465
7044465 1784948
1784948 7434727
7434727 1784948
1784948 7656079
7656079 1784948
1784948 8223132
8223132 1784948
1784948 8461449
8461449 1784948
1784948 8706598
8706598 1784948
1784948 8737633
8737633 1784948
1784948 8782585
8782585 1784948
1784948 8788138
8788138 1784948
1784948 9303705
9303705 1784948
1784948 9622239
9622239 1784948
1784948 9817640
9817640 1784948
1784948 9874558
9874558 1784948
1784948 10405559
10405559 1784948
1784948 10525208
10525208 1784948
1784948 10611675
10611675 1784948
1784948 10675038
10675038 1784948
1784948 10750425
10750425 1784948
1784948 11403713
11403713 1784948
1784948 11542948
11542948 1784948
1784948 11578627
11578627 1784948
1784948 12141276
12141276 1784948
1784948 12568463
12568463 1784948
1784948 12985777
12985777 1784948
1784948 13019306
13019306 1784948
1784948 13356460
13356460 1784948
1784948 13527772
13527772 1784948
1784948 13703449
13703449 1784948
1784948 14215382
14215382 1784948
1784948 14651391
14651391 1784948
1784948 15593514
15593514 1784948
1784948 15630443
15630443 1784948
1784948 15822107
15822107 1784948
1784948 16194193
16194193 1784948
1784948 16258821
16258821 1784948
1784948 16622902
16622902 1784948
1784948 16890793
16890793 1784948
1784948 16946525
16946525 1784948
1784948 16965722
16965722 1784948
1784948 17335822
17335822 1784948
1784948 17389367
17389367 1784948
1784948 17628951
17628951 1784948
1784948 17757536
17757536 1784948
1784948 18106859
18106859 1784948
1784948 18350312
18350312 1784948
1784948 18557798
18557798 1784948
1784948 19221005
19221005 1784948
1784948 19506660
19506660 1784948
1784948 19774718
19774718 1784948
1784948 20186565
20186565 1784948
1784948 21598759
21598759 1784948
1784948 22769415
22769415 1784948
1784948 23097994
23097994 1784948
1784948 23211161
23211161 1784948
1784948 23889570
23889570 1784948
1784948 24193321
24193321 1784948
1784948 24717771
24717771 1784948
1784948 26558376
26558376 1784948
1784948 26777214
26777214 1784948
1784948 26896684
26896684 1784948
1784948 27224021
27224021 1784948
1784948 27814750
27814750 1784948
1784948 28429527
28429527 1784948
1784948 29050317
29050317 1784948
1784948 30510365
30510365 1784948
1784948 31414592
31414592 1784948
1784948 31753405
31753405 1784948
1784948 32453975
32453975 1784948
1784948 32538346
32538346 1784948
1784948 32606914
32606914 1784948
1784948 35174446
35174446 1784948
1784948 35232152
35232152 1784948
1784948 35737830
35737830 1784948
1784948 38195204
38195204 1784948
1784948 38381773
38381773 1784948
1784948 40578067
40578067 1784948
1784948 44646448
44646448 1784948
1784948 45121671
45121671 1784948
1784948 45152519
45152519 1784948
1784948 49408874
49408874 1784948
1784948 49720236
49720236 1784948
1784948 50605765
50605765 1784948
1784948 53319419
53319419 1784948
1784948 62192644
62192644 1784948
1784948 63104875
63104875 1784948
1784948 63668043
63668043 1784948
1784948 64060375
64060375 1784948
1784948 68835351
68835351 1784948
1784948 72055689
72055689 1784948
1784948 75070226
75070226 1784948
1784948 75638768
75638768 1784948
1784948 77380563
77380563 1784948
1784948 77765627
77765627 1784948
1784948 79716048
79716048 1784948
1784948 82414873
82414873 1784948
1784948 83633876
83633876 1784948
1784948 84503844
84503844 1784948
1784948 87221911
87221911 1784948
1784948 92532957
92532957 1784948
1784948 97426249
97426249 1784948
1784948 98162381
98162381 1784948
1784948 101837896
101837896 1784948
1784948 102983194
102983194 1784948
1784948 104559447
104559447 1784948
1784948 120738624
120738624 1784948
1784948 133495731
133495731 1784948
1784948 135700612
135700612 1784948
1784948 138052565
138052565 1784948
1784948 138860553
138860553 1784948
1784948 141286084
141286084 1784948
1784948 141328218
141328218 1784948
1784948 142882936
142882936 1784948
1784948 145352806
145352806 1784948
1784948 146747205
146747205 1784948
1784948 157552572
157552572 1784948
1784948 165991492
165991492 1784948
1784948 169038815
169038815 1784948
1784948 181715536
181715536 1784948
1784948 182077104
182077104 1784948
1784948 183187886
183187886 1784948
1784948 183554803
183554803 1784948
1784948 192825842
192825842 1784948
1784948 209223446
209223446 1784948
1784948 226301205
226301205 1784948
1784948 236442895
236442895 1784948
1784948 252195206
252195206 1784948
207425381 43417
43417 207425381
207425381 64394
64394 207425381
207425381 74720
74720 207425381
207425381 292515
292515 207425381
207425381 427883
427883 207425381
207425381 502105
502105 207425381
207425381 646974
646974 207425381
207425381 664058
664058 207425381
207425381 870704
870704 207425381
207425381 1048711
1048711 207425381
207425381 1111713
1111713 207425381
207425381 1160497
1160497 207425381
207425381 1321140
1321140 207425381
207425381 1419647
1419647 207425381
207425381 1551273
1551273 207425381
207425381 1651629
1651629 207425381
207425381 1715537
1715537 207425381
207425381 1745328
1745328 207425381
207425381 1756390
1756390 207425381
207425381 1909388
1909388 207425381
207425381 1941602
1941602 207425381
207425381 2069142
2069142 207425381
207425381 2126949
2126949 207425381
207425381 2263705
2263705 207425381
207425381 2484250
2484250 207425381
207425381 2544159
2544159 207425381
207425381 2923318
2923318 207425381
207425381 3812541
3812541 207425381
207425381 3817598
3817598 207425381
207425381 3985345
3985345 207425381
207425381 4048332
4048332 207425381
207425381 4159023
4159023 207425381
207425381 4237637
4237637 207425381
207425381 6810385
6810385 207425381
207425381 7401172
7401172 207425381
207425381 7834338
7834338 207425381
207425381 7945116
7945116 207425381
207425381 10054000
10054000 207425381
207425381 14384876
14384876 207425381
207425381 16970087
16970087 207425381
207425381 17802862
17802862 207425381
207425381 20106107
20106107 207425381
207425381 21760428
21760428 207425381
207425381 22766857
22766857 207425381
207425381 25412908
25412908 207425381
207425381 32012873
32012873 207425381
207425381 36044219
36044219 207425381
207425381 41948271
41948271 207425381
207425381 52172164
52172164 207425381
207425381 52406228
52406228 207425381
207425381 82335741
82335741 207425381
207425381 101243098
101243098 207425381
207425381 128751408
128751408 207425381
207425381 133988956
133988956 207425381
207425381 137491925
137491925 207425381
207425381 145267825
145267825 207425381
207425381 167910757
167910757 207425381
207425381 175155831
175155831 207425381
207425381 183419959
183419959 207425381
207425381 197163183
197163183 207425381
207425381 217768151
217768151 207425381
207425381 221750765
221750765 207425381
207425381 225930533
225930533 207425381
207425381 230270580
230270580 207425381
207425381 250220017
250220017 207425381
207425381 264163433
264163433 207425381
1651629 30672
30672 1651629
1651629 43417
43417 1651629
1651629 179809
179809 1651629
1651629 255701
255701 1651629
1651629 282364
282364 1651629
1651629 295875
295875 1651629
1651629 374683
374683 1651629
1651629 389028
389028 1651629
1651629 417345
417345 1651629
1651629 523063
523063 1651629
1651629 603512
603512 1651629
1651629 804241
804241 1651629
1651629 997234
997234 1651629
1651629 1054226
1054226 1651629
1651629 1082561
1082561 1651629
1651629 1330538
1330538 1651629
1651629 1331060
1331060 1651629
1651629 1362351
1362351 1651629
1651629 1378021
1378021 1651629
1651629 1413927
1413927 1651629
1651629 1479605
1479605 1651629
1651629 1672808
1672808 1651629
1651629 1686890
1686890 1651629
1651629 1695829
1695829 1651629
1651629 1744378
1744378 1651629
1651629 1745328
1745328 1651629
1651629 1893052
1893052 1651629
1651629 2039858
2039858 1651629
1651629 2111512
2111512 1651629
1651629 2157718
2157718 1651629
1651629 2192582
2192582 1651629
1651629 2751082
2751082 1651629
1651629 2870478
2870478 1651629
1651629 2893542
2893542 1651629
1651629 3011436
3011436 1651629
1651629 3102782
3102782 1651629
1651629 3540093
3540093 1651629
1651629 5680623
5680623 1651629
1651629 6076887
6076887 1651629
1651629 6797068
6797068 1651629
1651629 6844926
6844926 1651629
1651629 7594689
7594689 1651629
1651629 8002412
8002412 1651629
1651629 8057536
8057536 1651629
1651629 8530467
8530467 1651629
1651629 9047826
9047826 1651629
1651629 9651130
9651130 1651629
1651629 10945768
10945768 1651629
1651629 13782571
13782571 1651629
1651629 14767710
14767710 1651629
1651629 16153128
16153128 1651629
1651629 20526906
20526906 1651629
1651629 21026777
21026777 1651629
1651629 21760428
21760428 1651629
1651629 23086226
23086226 1651629
1651629 24041905
24041905 1651629
1651629 24205458
24205458 1651629
1651629 24758819
24758819 1651629
1651629 29041016
29041016 1651629
1651629 33567306
33567306 1651629
1651629 34444721
34444721 1651629
1651629 34876724
34876724 1651629
1651629 43128142
43128142 1651629
1651629 51815736
51815736 1651629
1651629 59200291
59200291 1651629
1651629 65014978
65014978 1651629
1651629 71746989
71746989 1651629
1651629 80140693
80140693 1651629
1651629 86709128
86709128 1651629
1651629 88002506
88002506 1651629
1651629 93724724
93724724 1651629
1651629 98795235
98795235 1651629
1651629 102006682
102006682 1651629
1651629 122390260
122390260 1651629
1651629 124258355
124258355 1651629
1651629 137430698
137430698 1651629
1651629 157073965
157073965 1651629
1651629 157838226
157838226 1651629
1651629 158084634
158084634 1651629
1651629 166093018
166093018 1651629
1651629 183205714
183205714 1651629
1651629 207425381
207425381 1651629
1695829 43417
43417 1695829
1695829 374683
374683 1695829
1695829 1330538
1330538 1695829
1695829 1394186
1394186 1695829
1695829 1467291
1467291 1695829
1695829 1479605
1479605 1695829
1695829 1505907
1505907 1695829
1695829 1651629
1651629 1695829
1695829 1745328
1745328 1695829
1695829 1893052
1893052 1695829
1695829 2039858
2039858 1695829
1695829 2111512
2111512 1695829
1695829 2192582
2192582 1695829
1695829 2846959
2846959 1695829
1695829 2870478
2870478 1695829
1695829 3011436
3011436 1695829
1695829 3540093
3540093 1695829
1695829 3551112
3551112 1695829
1695829 3710557
3710557 1695829
1695829 3941378
3941378 1695829
1695829 4323063
4323063 1695829
1695829 10945768
10945768 1695829
1695829 11305813
11305813 1695829
1695829 18131552
18131552 1695829
1695829 21026777
21026777 1695829
1695829 21760428
21760428 1695829
1695829 23086226
23086226 1695829
1695829 24205458
24205458 1695829
1695829 24758819
24758819 1695829
1695829 33567306
33567306 1695829
1695829 43128142
43128142 1695829
1695829 51815736
51815736 1695829
1695829 65014978
65014978 1695829
1695829 80140693
80140693 1695829
1695829 88002506
88002506 1695829
1695829 98011694
98011694 1695829
1695829 98795235
98795235 1695829
1695829 133380605
133380605 1695829
1695829 137430698
137430698 1695829
1695829 157073965
157073965 1695829
1695829 183205714
183205714 1695829
1695829 214818588
214818588 1695829
268802 1775
1775 268802
268802 39117
39117 268802
268802 43417
43417 268802
268802 81174
81174 268802
268802 118434
118434 268802
268802 141841
141841 268802
268802 169088
169088 268802
268802 259751
259751 268802
268802 399533
399533 268802
268802 437659
437659 268802
268802 437906
437906 268802
268802 632019
632019 268802
268802 811526
811526 268802
268802 932265
932265 268802
268802 1006657
1006657 268802
268802 1090415
1090415 268802
268802 1096160
1096160 268802
268802 1119839
1119839 268802
268802 1153126
1153126 268802
268802 1305563
1305563 268802
268802 1360675
1360675 268802
268802 1481542
1481542 268802
268802 1510487
1510487 268802
268802 1544478
1544478 268802
268802 1614887
1614887 268802
268802 1727099
1727099 268802
268802 1730517
1730517 268802
268802 1737872
1737872 268802
268802 1752571
1752571 268802
268802 1776455
1776455 268802
268802 1819317
1819317 268802
268802 1895056
1895056 268802
268802 1899118
1899118 268802
268802 1937693
1937693 268802
268802 2052972
2052972 268802
268802 2178358
2178358 268802
268802 2305960
2305960 268802
268802 2434277
2434277 268802
268802 2627069
2627069 268802
268802 2657844
2657844 268802
268802 2771729
2771729 268802
268802 2803556
2803556 268802
268802 2888650
2888650 268802
268802 2974206
2974206 268802
268802 2996376
2996376 268802
268802 3027403
3027403 268802
268802 3050013
3050013 268802
268802 3056969
3056969 268802
268802 3249014
3249014 268802
268802 3301547
3301547 268802
268802 3329516
3329516 268802
268802 3387687
3387687 268802
268802 3429734
3429734 268802
268802 3457479
3457479 268802
268802 3544693
3544693 268802
268802 3597004
3597004 268802
268802 3669085
3669085 268802
268802 3787183
3787183 268802
268802 3906351
3906351 268802
268802 4128417
4128417 268802
268802 5504420
5504420 268802
268802 6054475
6054475 268802
268802 6343691
6343691 268802
268802 6819257
6819257 268802
268802 7890893
7890893 268802
268802 8258681
8258681 268802
268802 10586002
10586002 268802
268802 10726364
10726364 268802
268802 10752452
10752452 268802
268802 10828900
10828900 268802
268802 12088896
12088896 268802
268802 12252900
12252900 268802
268802 12995722
12995722 268802
268802 14139439
14139439 268802
268802 14783672
14783672 268802
268802 16111091
16111091 268802
268802 16600302
16600302 268802
268802 16772584
16772584 268802
268802 17290200
17290200 268802
268802 17923717
17923717 268802
268802 18131644
18131644 268802
268802 19440610
19440610 268802
268802 20074229
20074229 268802
268802 20698076
20698076 268802
268802 21117287
21117287 268802
268802 22258855
22258855 268802
268802 22789661
22789661 268802
268802 23603756
23603756 268802
268802 23604487
23604487 268802
268802 23799643
23799643 268802
268802 24134839
24134839 268802
268802 25841065
25841065 268802
268802 27498333
27498333 268802
268802 28297247
28297247 268802
268802 28764718
28764718 268802
268802 29188920
29188920 268802
268802 31143687
31143687 268802
268802 33257100
33257100 268802
268802 36488573
36488573 268802
268802 37006209
37006209 268802
268802 39631369
39631369 268802
268802 41003802
41003802 268802
268802 44579114
44579114 268802
268802 49892662
49892662 268802
268802 51392549
51392549 268802
268802 51452155
51452155 268802
268802 55355550
55355550 268802
268802 55745299
55745299 268802
268802 59805825
59805825 268802
268802 61280545
61280545 268802
268802 62330311
62330311 268802
268802 64410196
64410196 268802
268802 66292430
66292430 268802
268802 66597920
66597920 268802
268802 71577147
71577147 268802
268802 71891951
71891951 268802
268802 74224289
74224289 268802
268802 75657617
75657617 268802
268802 89292408
89292408 268802
268802 94266662
94266662 268802
268802 99820421
99820421 268802
268802 100196455
100196455 268802
268802 103233543
103233543 268802
268802 108342372
108342372 268802
268802 119392144
119392144 268802
268802 126503313
126503313 268802
268802 132299005
132299005 268802
268802 134071903
134071903 268802
268802 135077312
135077312 268802
268802 139346795
139346795 268802
268802 148326156
148326156 268802
268802 158930023
158930023 268802
268802 164326399
164326399 268802
268802 168736486
168736486 268802
268802 169178961
169178961 268802
268802 174071995
174071995 268802
268802 180594982
180594982 268802
268802 192393310
192393310 268802
268802 195117280
195117280 268802
268802 198513987
198513987 268802
268802 201821173
201821173 268802
268802 218360521
218360521 268802
268802 257002180
257002180 268802
268802 257094915
257094915 268802
2868015 18447
18447 2868015
2868015 43417
43417 2868015
2868015 232549
232549 2868015
2868015 327456
327456 2868015
2868015 428843
428843 2868015
2868015 449133
449133 2868015
2868015 899842
899842 2868015
2868015 908768
908768 2868015
2868015 1106060
1106060 2868015
2868015 1193639
1193639 2868015
2868015 1233985
1233985 2868015
2868015 1252931
1252931 2868015
2868015 1455327
1455327 2868015
2868015 1538228
1538228 2868015
2868015 1572420
1572420 2868015
2868015 1576059
1576059 2868015
2868015 1707683
1707683 2868015
2868015 1784948
1784948 2868015
2868015 1854781
1854781 2868015
2868015 1887240
1887240 2868015
2868015 1934272
1934272 2868015
2868015 2111651
2111651 2868015
2868015 2224498
2224498 2868015
2868015 2252789
2252789 2868015
2868015 2383873
2383873 2868015
2868015 2476888
2476888 2868015
2868015 2489872
2489872 2868015
2868015 2573883
2573883 2868015
2868015 2643372
2643372 2868015
2868015 2796823
2796823 2868015
2868015 2824856
2824856 2868015
2868015 2836889
2836889 2868015
2868015 2873946
2873946 2868015
2868015 2918235
2918235 2868015
2868015 2999756
2999756 2868015
2868015 3185618
3185618 2868015
2868015 3404554
3404554 2868015
2868015 3719009
3719009 2868015
2868015 4059808
4059808 2868015
2868015 4087056
4087056 2868015
2868015 4117652
4117652 2868015
2868015 4172064
4172064 2868015
2868015 4374959
4374959 2868015
2868015 5220458
5220458 2868015
2868015 5728555
5728555 2868015
2868015 6887096
6887096 2868015
2868015 8447559
8447559 2868015
2868015 13322988
13322988 2868015
2868015 13711822
13711822 2868015
2868015 14180542
14180542 2868015
2868015 15370507
15370507 2868015
2868015 17360018
17360018 2868015
2868015 17384290
17384290 2868015
2868015 17946982
17946982 2868015
2868015 19020302
19020302 2868015
2868015 20126662
20126662 2868015
2868015 20486863
20486863 2868015
2868015 20607598
20607598 2868015
2868015 24152718
24152718 2868015
2868015 24565897
24565897 2868015
2868015 24973582
24973582 2868015
2868015 26915480
26915480 2868015
2868015 27419164
27419164 2868015
2868015 29008713
29008713 2868015
2868015 29619830
29619830 2868015
2868015 31249072
31249072 2868015
2868015 31788352
31788352 2868015
2868015 34216526
34216526 2868015
2868015 35885468
35885468 2868015
2868015 38622435
38622435 2868015
2868015 40485433
40485433 2868015
2868015 45915986
45915986 2868015
2868015 46207755
46207755 2868015
2868015 47355682
47355682 2868015
2868015 48727829
48727829 2868015
2868015 60908749
60908749 2868015
2868015 66792242
66792242 2868015
2868015 69407670
69407670 2868015
2868015 74535448
74535448 2868015
2868015 77299756
77299756 2868015
2868015 81791450
81791450 2868015
2868015 83395175
83395175 2868015
2868015 96112998
96112998 2868015
2868015 107032607
107032607 2868015
2868015 109397779
109397779 2868015
2868015 126264427
126264427 2868015
2868015 127907566
127907566 2868015
2868015 150753413
150753413 2868015
2868015 161082788
161082788 2868015
2868015 173105337
173105337 2868015
2868015 176519839
176519839 2868015
2868015 180233194
180233194 2868015
2868015 182045396
182045396 2868015
2868015 211941241
211941241 2868015
21760428 43417
43417 21760428
21760428 1525304
1525304 21760428
21760428 1651629
1651629 21760428
21760428 1695829
1695829 21760428
21760428 1703341
1703341 21760428
21760428 1745328
1745328 21760428
21760428 2111512
2111512 21760428
21760428 2177860
2177860 21760428
21760428 2255667
2255667 21760428
21760428 2277373
2277373 21760428
21760428 4260806
4260806 21760428
21760428 4372020
4372020 21760428
21760428 6367301
6367301 21760428
21760428 7328886
7328886 21760428
21760428 10217718
10217718 21760428
21760428 10945768
10945768 21760428
21760428 13250033
13250033 21760428
21760428 13356312
13356312 21760428
21760428 21099214
21099214 21760428
21760428 21189012
21189012 21760428
21760428 21226195
21226195 21760428
21760428 23086226
23086226 21760428
21760428 25811924
25811924 21760428
21760428 27241197
27241197 21760428
21760428 38515025
38515025 21760428
21760428 42580128
42580128 21760428
21760428 48069485
48069485 21760428
21760428 62246762
62246762 21760428
21760428 99004603
99004603 21760428
21760428 151529833
151529833 21760428
21760428 161094965
161094965 21760428
21760428 192239288
192239288 21760428
21760428 207425381
207425381 21760428
21760428 243290265
243290265 21760428
21836207 29775
29775 21836207
21836207 43417
43417 21836207
21836207 66224
66224 21836207
21836207 273691
273691 21836207
21836207 373366
373366 21836207
21836207 436981
436981 21836207
21836207 437525
437525 21836207
21836207 457766
457766 21836207
21836207 516763
516763 21836207
21836207 780007
780007 21836207
21836207 806869
806869 21836207
21836207 867642
867642 21836207
21836207 872794
872794 21836207
21836207 920412
920412 21836207
21836207 935120
935120 21836207
21836207 944852
944852 21836207
21836207 990199
990199 21836207
21836207 1090272
1090272 21836207
21836207 1174809
1174809 21836207
21836207 1176133
1176133 21836207
21836207 1207334
1207334 21836207
21836207 1212924
1212924 21836207
21836207 1266657
1266657 21836207
21836207 1309810
1309810 21836207
21836207 1317358
1317358 21836207
21836207 1324860
1324860 21836207
21836207 1403640
1403640 21836207
21836207 1473554
1473554 21836207
21836207 1545693
1545693 21836207
21836207 1570000
1570000 21836207
21836207 1575214
1575214 21836207
21836207 1650142
1650142 21836207
21836207 1669370
1669370 21836207
21836207 1677035
1677035 21836207
21836207 1688604
1688604 21836207
21836207 1702474
1702474 21836207
21836207 1714576
1714576 21836207
21836207 1757291
1757291 21836207
21836207 1858432
1858432 21836207
21836207 1960414
1960414 21836207
21836207 2046095
2046095 21836207
21836207 2140577
2140577 21836207
21836207 2144323
2144323 21836207
21836207 2292475
2292475 21836207
21836207 2331095
2331095 21836207
21836207 2422477
2422477 21836207
21836207 2508276
2508276 21836207
21836207 2589055
2589055 21836207
21836207 2646510
2646510 21836207
21836207 2666430
2666430 21836207
21836207 2706368
2706368 21836207
21836207 2730824
2730824 21836207
21836207 2774064
2774064 21836207
21836207 2774361
2774361 21836207
21836207 2789556
2789556 21836207
21836207 2902231
2902231 21836207
21836207 2931681
2931681 21836207
21836207 2994310
2994310 21836207
21836207 3084827
3084827 21836207
21836207 3109290
3109290 21836207
21836207 3134075
3134075 21836207
21836207 3264868
3264868 21836207
21836207 3340222
3340222 21836207
21836207 3368198
3368198 21836207
21836207 3435631
3435631 21836207
21836207 3500820
3500820 21836207
21836207 3523575
3523575 21836207
21836207 3673949
3673949 21836207
21836207 3784070
3784070 21836207
21836207 3785320
3785320 21836207
21836207 3789949
3789949 21836207
21836207 3825796
3825796 21836207
21836207 3880813
3880813 21836207
21836207 3957976
3957976 21836207
21836207 3982658
3982658 21836207
21836207 3987754
3987754 21836207
21836207 4015099
4015099 21836207
21836207 4015742
4015742 21836207
21836207 4033264
4033264 21836207
21836207 4070200
4070200 21836207
21836207 4085360
4085360 21836207
21836207 4134716
4134716 21836207
21836207 4138510
4138510 21836207
21836207 4183810
4183810 21836207
21836207 4278683
4278683 21836207
21836207 4530209
4530209 21836207
21836207 4575215
4575215 21836207
21836207 4633611
4633611 21836207
21836207 4728954
4728954 21836207
21836207 4791837
4791837 21836207
21836207 4807353
4807353 21836207
21836207 4813794
4813794 21836207
21836207 4879515
4879515 21836207
21836207 4909391
4909391 21836207
21836207 4950014
4950014 21836207
21836207 5044496
5044496 21836207
21836207 5079750
5079750 21836207
21836207 5089138
5089138 21836207
21836207 5120561
5120561 21836207
21836207 5142800
5142800 21836207
21836207 5225753
5225753 21836207
21836207 5226298
5226298 21836207
21836207 5481836
5481836 21836207
21836207 5483809
5483809 21836207
21836207 5507836
5507836 21836207
21836207 5694597
5694597 21836207
21836207 5774688
5774688 21836207
21836207 5794106
5794106 21836207
21836207 5822984
5822984 21836207
21836207 5837689
5837689 21836207
21836207 5893984
5893984 21836207
21836207 6120291
6120291 21836207
21836207 6143535
6143535 21836207
21836207 6396476
6396476 21836207
21836207 6411590
6411590 21836207
21836207 6444140
6444140 21836207
21836207 6502952
6502952 21836207
21836207 6659960
6659960 21836207
21836207 6817842
6817842 21836207
21836207 7059000
7059000 21836207
21836207 7115121
7115121 21836207
21836207 7508445
7508445 21836207
21836207 7839744
7839744 21836207
21836207 8027426
8027426 21836207
21836207 8077442
8077442 21836207
21836207 8233085
8233085 21836207
21836207 8333547
8333547 21836207
21836207 8530805
8530805 21836207
21836207 9029709
9029709 21836207
21836207 9090896
9090896 21836207
21836207 9267431
9267431 21836207
21836207 9377403
9377403 21836207
21836207 9411474
9411474 21836207
21836207 9503662
9503662 21836207
21836207 9887623
9887623 21836207
21836207 10236207
10236207 21836207
21836207 10550503
10550503 21836207
21836207 10784423
10784423 21836207
21836207 10850237
10850237 21836207
21836207 11334325
11334325 21836207
21836207 11425225
11425225 21836207
21836207 11823590
11823590 21836207
21836207 11885981
11885981 21836207
21836207 12291531
12291531 21836207
21836207 12355329
12355329 21836207
21836207 12431151
12431151 21836207
21836207 12588472
12588472 21836207
21836207 12728350
12728350 21836207
21836207 12763078
12763078 21836207
21836207 12802093
12802093 21836207
21836207 12826407
12826407 21836207
21836207 13038638
13038638 21836207
21836207 13228610
13228610 21836207
21836207 13484360
13484360 21836207
21836207 13913408
13913408 21836207
21836207 14225400
14225400 21836207
21836207 14359422
14359422 21836207
21836207 14530835
14530835 21836207
21836207 14696761
14696761 21836207
21836207 14735018
14735018 21836207
21836207 14766466
14766466 21836207
21836207 15048310
15048310 21836207
21836207 15530850
15530850 21836207
21836207 15893039
15893039 21836207
21836207 16265530
16265530 21836207
21836207 16377933
16377933 21836207
21836207 16908484
16908484 21836207
21836207 17188360
17188360 21836207
21836207 17459364
17459364 21836207
21836207 17498517
17498517 21836207
21836207 18154149
18154149 21836207
21836207 18716454
18716454 21836207
21836207 19253813
19253813 21836207
21836207 19449217
19449217 21836207
21836207 19723294
19723294 21836207
21836207 20346226
20346226 21836207
21836207 20406482
20406482 21836207
21836207 20716956
20716956 21836207
21836207 20718150
20718150 21836207
21836207 21440450
21440450 21836207
21836207 21538501
21538501 21836207
21836207 25101349
25101349 21836207
21836207 25228728
25228728 21836207
21836207 25642591
25642591 21836207
21836207 25910839
25910839 21836207
21836207 25941878
25941878 21836207
21836207 26179227
26179227 21836207
21836207 28308963
28308963 21836207
21836207 29490859
29490859 21836207
21836207 29531577
29531577 21836207
21836207 29591834
29591834 21836207
21836207 32426661
32426661 21836207
21836207 32813748
32813748 21836207
21836207 33448959
33448959 21836207
21836207 34085554
34085554 21836207
21836207 34344833
34344833 21836207
21836207 35257088
35257088 21836207
21836207 36860963
36860963 21836207
21836207 37191931
37191931 21836207
21836207 38330918
38330918 21836207
21836207 42080093
42080093 21836207
21836207 46322467
46322467 21836207
21836207 46740207
46740207 21836207
21836207 47612540
47612540 21836207
21836207 48317469
48317469 21836207
21836207 49155538
49155538 21836207
21836207 49223426
49223426 21836207
21836207 49682156
49682156 21836207
21836207 49831035
49831035 21836207
21836207 51665454
51665454 21836207
21836207 52376148
52376148 21836207
21836207 53597115
53597115 21836207
21836207 53775269
53775269 21836207
21836207 55057976
55057976 21836207
21836207 56148252
56148252 21836207
21836207 57358262
57358262 21836207
21836207 58212318
58212318 21836207
21836207 58250240
58250240 21836207
21836207 58285529
58285529 21836207
21836207 59268543
59268543 21836207
21836207 59320094
59320094 21836207
21836207 61057241
61057241 21836207
21836207 62309312
62309312 21836207
21836207 63045142
63045142 21836207
21836207 63137909
63137909 21836207
21836207 63891708
63891708 21836207
21836207 64333197
64333197 21836207
21836207 66072084
66072084 21836207
21836207 69012010
69012010 21836207
21836207 69346535
69346535 21836207
21836207 69626859
69626859 21836207
21836207 72045278
72045278 21836207
21836207 76044461
76044461 21836207
21836207 78556306
78556306 21836207
21836207 79103735
79103735 21836207
21836207 79809375
79809375 21836207
21836207 82918004
82918004 21836207
21836207 86415385
86415385 21836207
21836207 88357051
88357051 21836207
21836207 89371849
89371849 21836207
21836207 90178745
90178745 21836207
21836207 90823048
90823048 21836207
21836207 90826916
90826916 21836207
21836207 93291711
93291711 21836207
21836207 95108003
95108003 21836207
21836207 96584495
96584495 21836207
21836207 102303973
102303973 21836207
21836207 102365707
102365707 21836207
21836207 104735595
104735595 21836207
21836207 107526420
107526420 21836207
21836207 115591350
115591350 21836207
21836207 119903516
119903516 21836207
21836207 120535612
120535612 21836207
21836207 124824986
124824986 21836207
21836207 135360327
135360327 21836207
21836207 143878554
143878554 21836207
21836207 147540825
147540825 21836207
21836207 153370551
153370551 21836207
21836207 160838367
160838367 21836207
21836207 161414401
161414401 21836207
21836207 169758791
169758791 21836207
21836207 170562718
170562718 21836207
21836207 174204051
174204051 21836207
21836207 181383376
181383376 21836207
21836207 184299879
184299879 21836207
21836207 184803931
184803931 21836207
21836207 188404684
188404684 21836207
21836207 208183970
208183970 21836207
21836207 209363844
209363844 21836207
21836207 209511356
209511356 21836207
21836207 212100584
212100584 21836207
21836207 217748898
217748898 21836207
21836207 234412464
234412464 21836207
21836207 234656172
234656172 21836207
21836207 241166564
241166564 21836207
21836207 257408391
257408391 21836207
43417 268802
268802 43417
43417 1651629
1651629 43417
43417 1695829
1695829 43417
43417 1745328
1745328 43417
43417 1761964
1761964 43417
43417 1784948
1784948 43417
43417 2796823
2796823 43417
43417 2868015
2868015 43417
43417 3011436
3011436 43417
43417 3514673
3514673 43417
43417 3563160
3563160 43417
43417 5265558
5265558 43417
43417 10945768
10945768 43417
43417 18480900
18480900 43417
43417 21760428
21760428 43417
43417 21836207
21836207 43417
43417 23086226
23086226 43417
43417 24205458
24205458 43417
43417 25099061
25099061 43417
43417 33549808
33549808 43417
43417 51815736
51815736 43417
43417 80140693
80140693 43417
43417 153845571
153845571 43417
43417 207425381
207425381 43417
2796823 43417
43417 2796823
2796823 127424
127424 2796823
2796823 149197
149197 2796823
2796823 314081
314081 2796823
2796823 327456
327456 2796823
2796823 424184
424184 2796823
2796823 428843
428843 2796823
2796823 657598
657598 2796823
2796823 666460
666460 2796823
2796823 683683
683683 2796823
2796823 772908
772908 2796823
2796823 898412
898412 2796823
2796823 909643
909643 2796823
2796823 1063645
1063645 2796823
2796823 1193639
1193639 2796823
2796823 1319038
1319038 2796823
2796823 1435605
1435605 2796823
2796823 1576059
1576059 2796823
2796823 1706999
1706999 2796823
2796823 1719550
1719550 2796823
2796823 2358194
2358194 2796823
2796823 2446081
2446081 2796823
2796823 2461937
2461937 2796823
2796823 2483887
2483887 2796823
2796823 2540161
2540161 2796823
2796823 2631224
2631224 2796823
2796823 2742569
2742569 2796823
2796823 2868015
2868015 2796823
2796823 2931681
2931681 2796823
2796823 2943033
2943033 2796823
2796823 3095770
3095770 2796823
2796823 3205217
3205217 2796823
2796823 3513128
3513128 2796823
2796823 3548997
3548997 2796823
2796823 3785693
3785693 2796823
2796823 4155883
4155883 2796823
2796823 4189430
4189430 2796823
2796823 4434090
4434090 2796823
2796823 4545389
4545389 2796823
2796823 4662423
4662423 2796823
2796823 5265558
5265558 2796823
2796823 6126425
6126425 2796823
2796823 7617766
7617766 2796823
2796823 8119796
8119796 2796823
2796823 8836268
8836268 2796823
2796823 8850994
8850994 2796823
2796823 9460344
9460344 2796823
2796823 9891046
9891046 2796823
2796823 12012266
12012266 2796823
2796823 18374577
18374577 2796823
2796823 19899846
19899846 2796823
2796823 21025870
21025870 2796823
2796823 24971117
24971117 2796823
2796823 28852396
28852396 2796823
2796823 33549808
33549808 2796823
2796823 44298690
44298690 2796823
2796823 66662184
66662184 2796823
2796823 89413053
89413053 2796823
2796823 92519661
92519661 2796823
2796823 101496746
101496746 2796823
2796823 102679467
102679467 2796823
2796823 109397982
109397982 2796823
2796823 130852259
130852259 2796823
2796823 132814862
132814862 2796823
2796823 133275009
133275009 2796823
2796823 176295633
176295633 2796823
2796823 180295073
180295073 2796823
2796823 185903304
185903304 2796823
2796823 192950443
192950443 2796823
2796823 207182565
207182565 2796823
2796823 253618939
253618939 2796823
2796823 256947450
256947450 2796823
23086226 4815
4815 23086226
23086226 10667
10667 23086226
23086226 30213
30213 23086226
23086226 43417
43417 23086226
23086226 52360
52360 23086226
23086226 295040
295040 23086226
23086226 310075
310075 23086226
23086226 400232
400232 23086226
23086226 451837
451837 23086226
23086226 481263
481263 23086226
23086226 495881
495881 23086226
23086226 649765
649765 23086226
23086226 744824
744824 23086226
23086226 808195
808195 23086226
23086226 830664
830664 23086226
23086226 837525
837525 23086226
23086226 837985
837985 23086226
23086226 931264
931264 23086226
23086226 1029984
1029984 23086226
23086226 1042744
1042744 23086226
23086226 1121272
1121272 23086226
23086226 1128682
1128682 23086226
23086226 1131107
1131107 23086226
23086226 1159265
1159265 23086226
23086226 1228989
1228989 23086226
23086226 1236363
1236363 23086226
23086226 1254162
1254162 23086226
23086226 1282272
1282272 23086226
23086226 1330927
1330927 23086226
23086226 1373898
1373898 23086226
23086226 1421087
1421087 23086226
23086226 1444728
1444728 23086226
23086226 1460657
1460657 23086226
23086226 1479605
1479605 23086226
23086226 1486674
1486674 23086226
23086226 1533589
1533589 23086226
23086226 1563765
1563765 23086226
23086226 1651629
1651629 23086226
23086226 1683476
1683476 23086226
23086226 1695829
1695829 23086226
23086226 1745328
1745328 23086226
23086226 1765645
1765645 23086226
23086226 1807105
1807105 23086226
23086226 1813853
1813853 23086226
23086226 1862411
1862411 23086226
23086226 1990566
1990566 23086226
23086226 2046081
2046081 23086226
23086226 2061280
2061280 23086226
23086226 2094006
2094006 23086226
23086226 2111512
2111512 23086226
23086226 2129931
2129931 23086226
23086226 2207923
2207923 23086226
23086226 2319576
2319576 23086226
23086226 2424668
2424668 23086226
23086226 2504638
2504638 23086226
23086226 2514921
2514921 23086226
23086226 2606866
2606866 23086226
23086226 2651440
2651440 23086226
23086226 2695451
2695451 23086226
23086226 2712249
2712249 23086226
23086226 2739886
2739886 23086226
23086226 2764951
2764951 23086226
23086226 2912345
2912345 23086226
23086226 3077905
3077905 23086226
23086226 3086192
3086192 23086226
23086226 3104667
3104667 23086226
23086226 3233094
3233094 23086226
23086226 3251270
3251270 23086226
23086226 3305564
3305564 23086226
23086226 3512236
3512236 23086226
23086226 3690436
3690436 23086226
23086226 3920664
3920664 23086226
23086226 4359001
4359001 23086226
23086226 4418490
4418490 23086226
23086226 4517679
4517679 23086226
23086226 5056127
5056127 23086226
23086226 5279505
5279505 23086226
23086226 5350389
5350389 23086226
23086226 5353247
5353247 23086226
23086226 5564232
5564232 23086226
23086226 5866242
5866242 23086226
23086226 6785953
6785953 23086226
23086226 7324610
7324610 23086226
23086226 7478730
7478730 23086226
23086226 7487484
7487484 23086226
23086226 8904260
8904260 23086226
23086226 8911661
8911661 23086226
23086226 9155953
9155953 23086226
23086226 9451191
9451191 23086226
23086226 10057778
10057778 23086226
23086226 11098319
11098319 23086226
23086226 11259005
11259005 23086226
23086226 11738002
11738002 23086226
23086226 11819900
11819900 23086226
23086226 11944154
11944154 23086226
23086226 12131956
12131956 23086226
23086226 12162117
12162117 23086226
23086226 12366398
12366398 23086226
23086226 12437726
12437726 23086226
23086226 13410960
13410960 23086226
23086226 13879508
13879508 23086226
23086226 14054647
14054647 23086226
23086226 14491494
14491494 23086226
23086226 15302607
15302607 23086226
23086226 15782886
15782886 23086226
23086226 16294187
16294187 23086226
23086226 17558156
17558156 23086226
23086226 18461562
18461562 23086226
23086226 19129789
19129789 23086226
23086226 20236165
20236165 23086226
23086226 20551774
20551774 23086226
23086226 21760428
21760428 23086226
23086226 23672705
23672705 23086226
23086226 26131568
26131568 23086226
23086226 27481588
27481588 23086226
23086226 28983508
28983508 23086226
23086226 29336687
29336687 23086226
23086226 32045680
32045680 23086226
23086226 32727613
32727613 23086226
23086226 32809939
32809939 23086226
23086226 37190654
37190654 23086226
23086226 39269020
39269020 23086226
23086226 41486076
41486076 23086226
23086226 49919094
49919094 23086226
23086226 51712834
51712834 23086226
23086226 51815736
51815736 23086226
23086226 56399525
56399525 23086226
23086226 61581636
61581636 23086226
23086226 65645988
65645988 23086226
23086226 68415414
68415414 23086226
23086226 69457546
69457546 23086226
23086226 70126670
70126670 23086226
23086226 70407625
70407625 23086226
23086226 73353161
73353161 23086226
23086226 83651248
83651248 23086226
23086226 85531600
85531600 23086226
23086226 90430761
90430761 23086226
23086226 93202455
93202455 23086226
23086226 94807229
94807229 23086226
23086226 95870575
95870575 23086226
23086226 96814286
96814286 23086226
23086226 98194890
98194890 23086226
23086226 102196614
102196614 23086226
23086226 115509284
115509284 23086226
23086226 127727890
127727890 23086226
23086226 136820330
136820330 23086226
23086226 137897218
137897218 23086226
23086226 152410085
152410085 23086226
23086226 159707181
159707181 23086226
23086226 226039040
226039040 23086226
23086226 264633747
264633747 23086226
25099061 43417
43417 25099061
25099061 772438
772438 25099061
25099061 826045
826045 25099061
25099061 1198181
1198181 25099061
25099061 1673690
1673690 25099061
25099061 1978440
1978440 25099061
25099061 2239277
2239277 25099061
25099061 2240400
2240400 25099061
25099061 2290495
2290495 25099061
25099061 2368671
2368671 25099061
25099061 2429406
2429406 25099061
25099061 2497239
2497239 25099061
25099061 2560229
2560229 25099061
25099061 3019386
3019386 25099061
25099061 3102844
3102844 25099061
25099061 3429523
3429523 25099061
25099061 3490500
3490500 25099061
25099061 3571402
3571402 25099061
25099061 3766296
3766296 25099061
25099061 3793912
3793912 25099061
25099061 4764941
4764941 25099061
25099061 7346616
7346616 25099061
25099061 7841215
7841215 25099061
25099061 8054506
8054506 25099061
25099061 8235834
8235834 25099061
25099061 11998258
11998258 25099061
25099061 13927923
13927923 25099061
25099061 13951299
13951299 25099061
25099061 14689485
14689485 25099061
25099061 15821607
15821607 25099061
25099061 16042555
16042555 25099061
25099061 16154467
16154467 25099061
25099061 17261161
17261161 25099061
25099061 17512499
17512499 25099061
25099061 17623977
17623977 25099061
25099061 18365574
18365574 25099061
25099061 19739690
19739690 25099061
25099061 20697917
20697917 25099061
25099061 20925796
20925796 25099061
25099061 21434732
21434732 25099061
25099061 21621854
21621854 25099061
25099061 22165359
22165359 25099061
25099061 23201557
23201557 25099061
25099061 23408905
23408905 25099061
25099061 24357505
24357505 25099061
25099061 26088010
26088010 25099061
25099061 26708169
26708169 25099061
25099061 26776939
26776939 25099061
25099061 27717679
27717679 25099061
25099061 28550856
28550856 25099061
25099061 30305531
30305531 25099061
25099061 30744751
30744751 25099061
25099061 31637077
31637077 25099061
25099061 31836778
31836778 25099061
25099061 32631098
32631098 25099061
25099061 33723483
33723483 25099061
25099061 34360794
34360794 25099061
25099061 36294216
36294216 25099061
25099061 37264036
37264036 25099061
25099061 37708918
37708918 25099061
25099061 38718450
38718450 25099061
25099061 39099995
39099995 25099061
25099061 40144347
40144347 25099061
25099061 42850087
42850087 25099061
25099061 43513139
43513139 25099061
25099061 43838009
43838009 25099061
25099061 44728026
44728026 25099061
25099061 45299287
45299287 25099061
25099061 51263222
51263222 25099061
25099061 53473342
53473342 25099061
25099061 54633576
54633576 25099061
25099061 61929784
61929784 25099061
25099061 62161941
62161941 25099061
25099061 63662463
63662463 25099061
25099061 67204677
67204677 25099061
25099061 68790223
68790223 25099061
25099061 69159733
69159733 25099061
25099061 73404313
73404313 25099061
25099061 74818828
74818828 25099061
25099061 74903561
74903561 25099061
25099061 80225165
80225165 25099061
25099061 80691003
80691003 25099061
25099061 80756965
80756965 25099061
25099061 84618985
84618985 25099061
25099061 87451099
87451099 25099061
25099061 92173046
92173046 25099061
25099061 95834124
95834124 25099061
25099061 96777487
96777487 25099061
25099061 111349556
111349556 25099061
25099061 111859033
111859033 25099061
25099061 113994419
113994419 25099061
25099061 116098783
116098783 25099061
25099061 124856292
124856292 25099061
25099061 125773572
125773572 25099061
25099061 133393298
133393298 25099061
25099061 134050106
134050106 25099061
25099061 134116864
134116864 25099061
25099061 138243589
138243589 25099061
25099061 138319432
138319432 25099061
25099061 143342100
143342100 25099061
25099061 144803451
144803451 25099061
25099061 146786515
146786515 25099061
25099061 147560026
147560026 25099061
25099061 147973144
147973144 25099061
25099061 148518134
148518134 25099061
25099061 154234038
154234038 25099061
25099061 157769796
157769796 25099061
25099061 158294554
158294554 25099061
25099061 159054460
159054460 25099061
25099061 161987110
161987110 25099061
25099061 165543236
165543236 25099061
25099061 165957853
165957853 25099061
25099061 166660821
166660821 25099061
25099061 168128527
168128527 25099061
25099061 168837465
168837465 25099061
25099061 173880551
173880551 25099061
25099061 183125347
183125347 25099061
25099061 184136226
184136226 25099061
25099061 184490379
184490379 25099061
25099061 184622327
184622327 25099061
25099061 191156292
191156292 25099061
25099061 196417094
196417094 25099061
25099061 200812615
200812615 25099061
25099061 201714942
201714942 25099061
25099061 210706256
210706256 25099061
25099061 214650901
214650901 25099061
25099061 222510251
222510251 25099061
25099061 223224430
223224430 25099061
25099061 233294871
233294871 25099061
25099061 255642684
255642684 25099061
25099061 261661920
261661920 25099061
51815736 43417
43417 51815736
51815736 1651629
1651629 51815736
51815736 1695829
1695829 51815736
51815736 1745328
1745328 51815736
51815736 2111512
2111512 51815736
51815736 2716521
2716521 51815736
51815736 3034556
3034556 51815736
51815736 3116966
3116966 51815736
51815736 3656705
3656705 51815736
51815736 4676371
4676371 51815736
51815736 4784214
4784214 51815736
51815736 7914167
7914167 51815736
51815736 10057778
10057778 51815736
51815736 10706899
10706899 51815736
51815736 13815321
13815321 51815736
51815736 14819722
14819722 51815736
51815736 23086226
23086226 51815736
51815736 25704402
25704402 51815736
51815736 29826363
29826363 51815736
51815736 30114493
30114493 51815736
51815736 35228285
35228285 51815736
51815736 37695296
37695296 51815736
51815736 43521251
43521251 51815736
51815736 51964398
51964398 51815736
51815736 55225652
55225652 51815736
51815736 65337046
65337046 51815736
51815736 73353161
73353161 51815736
51815736 91157894
91157894 51815736
51815736 111497324
111497324 51815736
51815736 156028820
156028820 51815736
51815736 159730681
159730681 51815736
51815736 161659591
161659591 51815736
51815736 168452308
168452308 51815736
51815736 172374339
172374339 51815736
51815736 237557070
237557070 51815736
51815736 245977576
245977576 51815736
